9072 2.06435e-22
9073 2.27526e-22
9074 2.50745e-22
9075 2.76303e-22
9076 3.04433e-22
9077 3.35389e-22
9078 3.69453e-22
9079 4.06931e-22
9080 4.48162e-22
9081 4.93516e-22
9082 5.43401e-22
9083 5.98261e-22
9084 6.58588e-22
9085 7.24918e-22
9086 7.9784e-22
9087 8.78002e-22
9088 9.66111e-22
9089 1.06295e-21
9090 1.16936e-21
9091 1.28628e-21
9092 1.41474e-21
9093 1.55585e-21
9094 1.71086e-21
9095 1.8811e-21
9096 2.06805e-21
9097 2.27333e-21
9098 2.49871e-21
9099 2.74614e-21
9100 3.01774e-21
9101 3.31583e-21
9102 3.64297e-21
9103 4.00194e-21
9104 4.39581e-21
9105 4.82791e-21
9106 5.3019e-21
9107 5.82178e-21
9108 6.39194e-21
9109 7.01717e-21
9110 7.70271e-21
9111 8.4543e-21
9112 9.27821e-21
9113 1.01813e-20
9114 1.1171e-20
9115 1.22557e-20
9116 1.34441e-20
9117 1.47462e-20
9118 1.61726e-20
9119 1.77351e-20
9120 1.94464e-20
9121 2.13205e-20
9122 2.33726e-20
9123 2.56194e-20
9124 2.80791e-20
9125 3.07716e-20
9126 3.37187e-20
9127 3.69439e-20
9128 4.04731e-20
9129 4.43347e-20
9130 4.85593e-20
9131 5.31807e-20
9132 5.82356e-20
9133 6.37639e-20
9134 6.98094e-20
9135 7.64197e-20
9136 8.36468e-20
9137 9.15473e-20
9138 1.00183e-19
9139 1.09622e-19
9140 1.19936e-19
9141 1.31207e-19
9142 1.43521e-19
9143 1.56973e-19
9144 1.71668e-19
9145 1.87718e-19
9146 2.05246e-19
9147 2.24386e-19
9148 2.45284e-19
9149 2.681e-19
9150 2.93005e-19
9151 3.20189e-19
9152 3.49857e-19
9153 3.82232e-19
9154 4.17558e-19
9155 4.56098e-19
9156 4.98141e-19
9157 5.44e-19
9158 5.94016e-19
9159 6.4856e-19
9160 7.08035e-19
9161 7.7288e-19
9162 8.43571e-19
9163 9.20627e-19
9164 1.00461e-18
9165 1.09614e-18
9166 1.19588e-18
9167 1.30455e-18
9168 1.42293e-18
9169 1.5519e-18
9170 1.69236e-18
9171 1.84534e-18
9172 2.01193e-18
9173 2.19332e-18
9174 2.3908e-18
9175 2.60577e-18
9176 2.83977e-18
9177 3.09444e-18
9178 3.37159e-18
9179 3.67315e-18
9180 4.00125e-18
9181 4.35819e-18
9182 4.74645e-18
9183 5.16874e-18
9184 5.62798e-18
9185 6.12736e-18
9186 6.67032e-18
9187 7.26061e-18
9188 7.90228e-18
9189 8.59971e-18
9190 9.35768e-18
9191 1.01814e-17
9192 1.10763e-17
9193 1.20486e-17
9194 1.31049e-17
9195 1.42522e-17
9196 1.54983e-17
9197 1.68514e-17
9198 1.83208e-17
9199 1.9916e-17
9200 2.16479e-17
9201 2.35277e-17
9202 2.55681e-17
9203 2.77823e-17
9204 3.0185e-17
9205 3.2792e-17
9206 3.56203e-17
9207 3.86882e-17
9208 4.20159e-17
9209 4.56248e-17
9210 4.95383e-17
9211 5.37817e-17
9212 5.83822e-17
9213 6.33694e-17
9214 6.87751e-17
9215 7.46339e-17
9216 8.0983e-17
9217 8.78626e-17
9218 9.53164e-17
9219 1.03391e-16
9220 1.12138e-16
9221 1.21612e-16
9222 1.31871e-16
9223 1.42981e-16
9224 1.55009e-16
9225 1.68032e-16
9226 1.82129e-16
9227 1.97387e-16
9228 2.139e-16
9229 2.31769e-16
9230 2.51104e-16
9231 2.72023e-16
9232 2.94652e-16
9233 3.19129e-16
9234 3.45602e-16
9235 3.74231e-16
9236 4.05187e-16
9237 4.38657e-16
9238 4.74839e-16
9239 5.13951e-16
9240 5.56224e-16
9241 6.01909e-16
9242 6.51276e-16
9243 7.04615e-16
9244 7.6224e-16
9245 8.24489e-16
9246 8.91726e-16
9247 9.6434e-16
9248 1.04276e-15
9249 1.12743e-15
9250 1.21884e-15
9251 1.31752e-15
9252 1.42404e-15
9253 1.539e-15
9254 1.66307e-15
9255 1.79694e-15
9256 1.94138e-15
9257 2.0972e-15
9258 2.26528e-15
9259 2.44657e-15
9260 2.64209e-15
9261 2.85292e-15
9262 3.08024e-15
9263 3.32532e-15
9264 3.5895e-15
9265 3.87426e-15
9266 4.18116e-15
9267 4.51188e-15
9268 4.86824e-15
9269 5.25217e-15
9270 5.66577e-15
9271 6.11128e-15
9272 6.59112e-15
9273 7.10786e-15
9274 7.66428e-15
9275 8.26338e-15
9276 8.90834e-15
9277 9.60261e-15
9278 1.03499e-14
9279 1.11541e-14
9280 1.20195e-14
9281 1.29506e-14
9282 1.39524e-14
9283 1.50301e-14
9284 1.61892e-14
9285 1.74359e-14
9286 1.87765e-14
9287 2.02181e-14
9288 2.1768e-14
9289 2.34341e-14
9290 2.52251e-14
9291 2.71501e-14
9292 2.92187e-14
9293 3.14417e-14
9294 3.38301e-14
9295 3.6396e-14
9296 3.91523e-14
9297 4.21128e-14
9298 4.52924e-14
9299 4.87067e-14
9300 5.23728e-14
9301 5.63088e-14
9302 6.05341e-14
9303 6.50694e-14
9304 6.9937e-14
9305 7.51607e-14
9306 8.07658e-14
9307 8.67797e-14
9308 9.32313e-14
9309 1.00152e-13
9310 1.07574e-13
9311 1.15535e-13
9312 1.24071e-13
9313 1.33223e-13
9314 1.43035e-13
9315 1.53554e-13
9316 1.64828e-13
9317 1.76911e-13
9318 1.8986e-13
9319 2.03734e-13
9320 2.18599e-13
9321 2.34523e-13
9322 2.5158e-13
9323 2.69849e-13
9324 2.89413e-13
9325 3.10362e-13
9326 3.32793e-13
9327 3.56806e-13
9328 3.8251e-13
9329 4.10023e-13
9330 4.39467e-13
9331 4.70975e-13
9332 5.04689e-13
9333 5.40757e-13
9334 5.79341e-13
9335 6.20612e-13
9336 6.64751e-13
9337 7.11954e-13
9338 7.62426e-13
9339 8.1639e-13
9340 8.74079e-13
9341 9.35745e-13
9342 1.00165e-12
9343 1.07209e-12
9344 1.14736e-12
9345 1.22778e-12
9346 1.31369e-12
9347 1.40547e-12
9348 1.5035e-12
9349 1.60819e-12
9350 1.71999e-12
9351 1.83936e-12
9352 1.96681e-12
9353 2.10287e-12
9354 2.24809e-12
9355 2.40309e-12
9356 2.56851e-12
9357 2.74501e-12
9358 2.93333e-12
9359 3.13423e-12
9360 3.34854e-12
9361 3.57712e-12
9362 3.82089e-12
9363 4.08084e-12
9364 4.35801e-12
9365 4.65351e-12
9366 4.96851e-12
9367 5.30427e-12
9368 5.66212e-12
9369 6.04346e-12
9370 6.4498e-12
9371 6.88272e-12
9372 7.34392e-12
9373 7.83519e-12
9374 8.35842e-12
9375 8.91565e-12
9376 9.50901e-12
9377 1.01408e-11
9378 1.08134e-11
9379 1.15294e-11
9380 1.22914e-11
9381 1.31025e-11
9382 1.39655e-11
9383 1.48839e-11
9384 1.58609e-11
9385 1.69003e-11
9386 1.80058e-11
9387 1.91817e-11
9388 2.04321e-11
9389 2.17617e-11
9390 2.31754e-11
9391 2.46784e-11
9392 2.62759e-11
9393 2.7974e-11
9394 2.97785e-11
9395 3.16961e-11
9396 3.37337e-11
9397 3.58983e-11
9398 3.81978e-11
9399 4.06403e-11
9400 4.32344e-11
9401 4.59891e-11
9402 4.89142e-11
9403 5.20198e-11
9404 5.53167e-11
9405 5.88162e-11
9406 6.25305e-11
9407 6.64724e-11
9408 7.06551e-11
9409 7.50931e-11
9410 7.98014e-11
9411 8.47959e-11
9412 9.00934e-11
9413 9.57117e-11
9414 1.0167e-10
9415 1.07987e-10
9416 1.14684e-10
9417 1.21784e-10
9418 1.2931e-10
9419 1.37287e-10
9420 1.45739e-10
9421 1.54696e-10
9422 1.64186e-10
9423 1.7424e-10
9424 1.8489e-10
9425 1.96169e-10
9426 2.08115e-10
9427 2.20765e-10
9428 2.34159e-10
9429 2.48339e-10
9430 2.6335e-10
9431 2.79239e-10
9432 2.96054e-10
9433 3.1385e-10
9434 3.32679e-10
9435 3.52601e-10
9436 3.73677e-10
9437 3.9597e-10
9438 4.19549e-10
9439 4.44484e-10
9440 4.70852e-10
9441 4.98731e-10
9442 5.28205e-10
9443 5.59361e-10
9444 5.92293e-10
9445 6.27096e-10
9446 6.63875e-10
9447 7.02736e-10
9448 7.43794e-10
9449 7.87167e-10
9450 8.32981e-10
9451 8.81368e-10
9452 9.32467e-10
9453 9.86424e-10
9454 1.04339e-09
9455 1.10354e-09
9456 1.16702e-09
9457 1.23403e-09
9458 1.30475e-09
9459 1.37937e-09
9460 1.45811e-09
9461 1.54118e-09
9462 1.62881e-09
9463 1.72124e-09
9464 1.81872e-09
9465 1.92152e-09
9466 2.02992e-09
9467 2.14421e-09
9468 2.26469e-09
9469 2.39169e-09
9470 2.52554e-09
9471 2.66661e-09
9472 2.81525e-09
9473 2.97187e-09
9474 3.13687e-09
9475 3.31068e-09
9476 3.49375e-09
9477 3.68656e-09
9478 3.8896e-09
9479 4.10338e-09
9480 4.32846e-09
9481 4.56541e-09
9482 4.81481e-09
9483 5.07731e-09
9484 5.35355e-09
9485 5.64423e-09
9486 5.95006e-09
9487 6.27181e-09
9488 6.61025e-09
9489 6.96623e-09
9490 7.3406e-09
9491 7.73427e-09
9492 8.1482e-09
9493 8.58338e-09
9494 9.04085e-09
9495 9.52169e-09
9496 1.00271e-08
9497 1.05581e-08
9498 1.11162e-08
9499 1.17025e-08
9500 1.23184e-08
9501 1.29653e-08
9502 1.36449e-08
9503 1.43585e-08
9504 1.51078e-08
9505 1.58946e-08
9506 1.67206e-08
9507 1.75877e-08
9508 1.84978e-08
9509 1.94529e-08
9510 2.04552e-08
9511 2.15069e-08
9512 2.26103e-08
9513 2.37678e-08
9514 2.49819e-08
9515 2.62553e-08
9516 2.75906e-08
9517 2.89909e-08
9518 3.0459e-08
9519 3.19981e-08
9520 3.36115e-08
9521 3.53025e-08
9522 3.70747e-08
9523 3.89317e-08
9524 4.08775e-08
9525 4.2916e-08
9526 4.50514e-08
9527 4.72881e-08
9528 4.96307e-08
9529 5.20839e-08
9530 5.46525e-08
9531 5.73419e-08
9532 6.01572e-08
9533 6.31042e-08
9534 6.61886e-08
9535 6.94164e-08
9536 7.27941e-08
9537 7.63281e-08
9538 8.00252e-08
9539 8.38927e-08
9540 8.79378e-08
9541 9.21684e-08
9542 9.65923e-08
9543 1.01218e-07
9544 1.06054e-07
9545 1.11109e-07
9546 1.16394e-07
9547 1.21917e-07
9548 1.27688e-07
9549 1.33719e-07
9550 1.4002e-07
9551 1.46602e-07
9552 1.53478e-07
9553 1.60659e-07
9554 1.68159e-07
9555 1.75991e-07
9556 1.84168e-07
9557 1.92705e-07
9558 2.01616e-07
9559 2.10918e-07
9560 2.20625e-07
9561 2.30755e-07
9562 2.41325e-07
9563 2.52353e-07
9564 2.63857e-07
9565 2.75857e-07
9566 2.88373e-07
9567 3.01424e-07
9568 3.15034e-07
9569 3.29223e-07
9570 3.44016e-07
9571 3.59436e-07
9572 3.75507e-07
9573 3.92257e-07
9574 4.0971e-07
9575 4.27896e-07
9576 4.46842e-07
9577 4.66578e-07
9578 4.87136e-07
9579 5.08545e-07
9580 5.30841e-07
9581 5.54056e-07
9582 5.78225e-07
9583 6.03387e-07
9584 6.29577e-07
9585 6.56836e-07
9586 6.85203e-07
9587 7.14721e-07
9588 7.45433e-07
9589 7.77383e-07
9590 8.10619e-07
9591 8.45187e-07
9592 8.81137e-07
9593 9.18521e-07
9594 9.57391e-07
9595 9.97802e-07
9596 1.03981e-06
9597 1.08347e-06
9598 1.12885e-06
9599 1.17601e-06
9600 1.22501e-06
9601 1.27592e-06
9602 1.32881e-06
9603 1.38374e-06
9604 1.4408e-06
9605 1.50005e-06
9606 1.56158e-06
9607 1.62546e-06
9608 1.69178e-06
9609 1.76062e-06
9610 1.83207e-06
9611 1.90622e-06
9612 1.98316e-06
9613 2.063e-06
9614 2.14583e-06
9615 2.23175e-06
9616 2.32088e-06
9617 2.41331e-06
9618 2.50916e-06
9619 2.60854e-06
9620 2.71158e-06
9621 2.8184e-06
9622 2.92912e-06
9623 3.04387e-06
9624 3.16279e-06
9625 3.28602e-06
9626 3.41369e-06
9627 3.54596e-06
9628 3.68296e-06
9629 3.82487e-06
9630 3.97182e-06
9631 4.124e-06
9632 4.28156e-06
9633 4.44468e-06
9634 4.61353e-06
9635 4.78831e-06
9636 4.96919e-06
9637 5.15636e-06
9638 5.35003e-06
9639 5.5504e-06
9640 5.75768e-06
9641 5.97208e-06
9642 6.19382e-06
9643 6.42312e-06
9644 6.66023e-06
9645 6.90537e-06
9646 7.15879e-06
9647 7.42074e-06
9648 7.69148e-06
9649 7.97127e-06
9650 8.26038e-06
9651 8.5591e-06
9652 8.86769e-06
9653 9.18646e-06
9654 9.51571e-06
9655 9.85573e-06
9656 1.02068e-05
9657 1.05694e-05
9658 1.09436e-05
9659 1.133e-05
9660 1.17288e-05
9661 1.21403e-05
9662 1.2565e-05
9663 1.30032e-05
9664 1.34553e-05
9665 1.39217e-05
9666 1.44028e-05
9667 1.48989e-05
9668 1.54105e-05
9669 1.59381e-05
9670 1.6482e-05
9671 1.70427e-05
9672 1.76207e-05
9673 1.82163e-05
9674 1.88302e-05
9675 1.94627e-05
9676 2.01144e-05
9677 2.07858e-05
9678 2.14774e-05
9679 2.21897e-05
9680 2.29232e-05
9681 2.36786e-05
9682 2.44563e-05
9683 2.52569e-05
9684 2.60811e-05
9685 2.69294e-05
9686 2.78024e-05
9687 2.87007e-05
9688 2.9625e-05
9689 3.05759e-05
9690 3.15541e-05
9691 3.25602e-05
9692 3.35949e-05
9693 3.46589e-05
9694 3.5753e-05
9695 3.68777e-05
9696 3.8034e-05
9697 3.92224e-05
9698 4.04438e-05
9699 4.1699e-05
9700 4.29886e-05
9701 4.43136e-05
9702 4.56747e-05
9703 4.70728e-05
9704 4.85086e-05
9705 4.99831e-05
9706 5.14971e-05
9707 5.30515e-05
9708 5.46472e-05
9709 5.62851e-05
9710 5.79662e-05
9711 5.96912e-05
9712 6.14613e-05
9713 6.32774e-05
9714 6.51404e-05
9715 6.70514e-05
9716 6.90113e-05
9717 7.10212e-05
9718 7.30821e-05
9719 7.51951e-05
9720 7.73612e-05
9721 7.95815e-05
9722 8.18572e-05
9723 8.41892e-05
9724 8.65788e-05
9725 8.9027e-05
9726 9.15351e-05
9727 9.41041e-05
9728 9.67353e-05
9729 9.94299e-05
9730 0.000102189
9731 0.000105014
9732 0.000107906
9733 0.000110866
9734 0.000113895
9735 0.000116996
9736 0.000120168
9737 0.000123414
9738 0.000126735
9739 0.000130131
9740 0.000133605
9741 0.000137157
9742 0.000140789
9743 0.000144503
9744 0.0001483
9745 0.00015218
9746 0.000156146
9747 0.000160199
9748 0.000164341
9749 0.000168572
9750 0.000172894
9751 0.000177309
9752 0.000181818
9753 0.000186423
9754 0.000191125
9755 0.000195925
9756 0.000200825
9757 0.000205827
9758 0.000210931
9759 0.00021614
9760 0.000221455
9761 0.000226877
9762 0.000232409
9763 0.00023805
9764 0.000243804
9765 0.000249671
9766 0.000255654
9767 0.000261753
9768 0.00026797
9769 0.000274306
9770 0.000280764
9771 0.000287344
9772 0.000294048
9773 0.000300878
9774 0.000307835
9775 0.000314921
9776 0.000322137
9777 0.000329484
9778 0.000336965
9779 0.00034458
9780 0.000352331
9781 0.00036022
9782 0.000368248
9783 0.000376416
9784 0.000384726
9785 0.000393179
9786 0.000401778
9787 0.000410522
9788 0.000419413
9789 0.000428454
9790 0.000437644
9791 0.000446986
9792 0.000456481
9793 0.00046613
9794 0.000475934
9795 0.000485895
9796 0.000496014
9797 0.000506291
9798 0.000516729
9799 0.000527328
9800 0.00053809
9801 0.000549016
9802 0.000560106
9803 0.000571362
9804 0.000582784
9805 0.000594375
9806 0.000606134
9807 0.000618062
9808 0.000630161
9809 0.000642432
9810 0.000654874
9811 0.00066749
9812 0.000680279
9813 0.000693243
9814 0.000706381
9815 0.000719696
9816 0.000733186
9817 0.000746854
9818 0.000760699
9819 0.000774721
9820 0.000788922
9821 0.000803301
9822 0.000817859
9823 0.000832595
9824 0.000847512
9825 0.000862607
9826 0.000877882
9827 0.000893337
9828 0.000908971
9829 0.000924785
9830 0.000940779
9831 0.000956951
9832 0.000973303
9833 0.000989833
9834 0.00100654
9835 0.00102343
9836 0.00104049
9837 0.00105773
9838 0.00107515
9839 0.00109274
9840 0.00111051
9841 0.00112845
9842 0.00114657
9843 0.00116486
9844 0.00118332
9845 0.00120195
9846 0.00122075
9847 0.00123972
9848 0.00125885
9849 0.00127815
9850 0.00129761
9851 0.00131724
9852 0.00133703
9853 0.00135698
9854 0.00137708
9855 0.00139734
9856 0.00141776
9857 0.00143833
9858 0.00145905
9859 0.00147991
9860 0.00150093
9861 0.00152208
9862 0.00154338
9863 0.00156482
9864 0.00158639
9865 0.0016081
9866 0.00162994
9867 0.00165192
9868 0.00167401
9869 0.00169623
9870 0.00171857
9871 0.00174103
9872 0.00176361
9873 0.00178629
9874 0.00180909
9875 0.00183199
9876 0.00185499
9877 0.00187809
9878 0.00190129
9879 0.00192457
9880 0.00194795
9881 0.00197141
9882 0.00199495
9883 0.00201857
9884 0.00204226
9885 0.00206602
9886 0.00208984
9887 0.00211372
9888 0.00213767
9889 0.00216166
9890 0.0021857
9891 0.00220979
9892 0.00223392
9893 0.00225808
9894 0.00228227
9895 0.00230649
9896 0.00233073
9897 0.00235498
9898 0.00237925
9899 0.00240353
9900 0.00242781
9901 0.00245208
9902 0.00247635
9903 0.00250061
9904 0.00252484
9905 0.00254906
9906 0.00257325
9907 0.00259741
9908 0.00262152
9909 0.0026456
9910 0.00266963
9911 0.0026936
9912 0.00271751
9913 0.00274136
9914 0.00276514
9915 0.00278885
9916 0.00281247
9917 0.00283601
9918 0.00285946
9919 0.00288281
9920 0.00290606
9921 0.0029292
9922 0.00295223
9923 0.00297513
9924 0.00299792
9925 0.00302057
9926 0.00304309
9927 0.00306547
9928 0.0030877
9929 0.00310978
9930 0.0031317
9931 0.00315346
9932 0.00317505
9933 0.00319647
9934 0.0032177
9935 0.00323876
9936 0.00325962
9937 0.00328028
9938 0.00330075
9939 0.00332101
9940 0.00334105
9941 0.00336088
9942 0.00338049
9943 0.00339987
9944 0.00341902
9945 0.00343792
9946 0.00345659
9947 0.00347501
9948 0.00349317
9949 0.00351108
9950 0.00352872
9951 0.0035461
9952 0.0035632
9953 0.00358003
9954 0.00359657
9955 0.00361283
9956 0.0036288
9957 0.00364447
9958 0.00365984
9959 0.00367491
9960 0.00368966
9961 0.00370411
9962 0.00371824
9963 0.00373205
9964 0.00374553
9965 0.00375869
9966 0.00377151
9967 0.003784
9968 0.00379614
9969 0.00380795
9970 0.00381941
9971 0.00383052
9972 0.00384127
9973 0.00385167
9974 0.00386171
9975 0.00387139
9976 0.0038807
9977 0.00388965
9978 0.00389823
9979 0.00390643
9980 0.00391426
9981 0.00392171
9982 0.00392878
9983 0.00393547
9984 0.00394178
9985 0.0039477
9986 0.00395323
9987 0.00395838
9988 0.00396314
9989 0.0039675
9990 0.00397147
9991 0.00397505
9992 0.00397823
9993 0.00398102
9994 0.00398341
9995 0.0039854
9996 0.003987
9997 0.00398819
9998 0.00398899
9999 0.00398939
10000 0.00398939
10001 0.00398899
10002 0.00398819
10003 0.003987
10004 0.0039854
10005 0.00398341
10006 0.00398102
10007 0.00397824
10008 0.00397506
10009 0.00397148
10010 0.00396752
10011 0.00396316
10012 0.00395841
10013 0.00395327
10014 0.00394774
10015 0.00394183
10016 0.00393553
10017 0.00392885
10018 0.00392179
10019 0.00391435
10020 0.00390654
10021 0.00389836
10022 0.0038898
10023 0.00388087
10024 0.00387158
10025 0.00386193
10026 0.00385191
10027 0.00384154
10028 0.00383081
10029 0.00381973
10030 0.00380831
10031 0.00379654
10032 0.00378443
10033 0.00377198
10034 0.0037592
10035 0.00374609
10036 0.00373265
10037 0.00371889
10038 0.00370481
10039 0.00369042
10040 0.00367572
10041 0.00366071
10042 0.0036454
10043 0.00362979
10044 0.00361389
10045 0.0035977
10046 0.00358123
10047 0.00356447
10048 0.00354745
10049 0.00353015
10050 0.00351259
10051 0.00349476
10052 0.00347668
10053 0.00345835
10054 0.00343978
10055 0.00342096
10056 0.00340191
10057 0.00338263
10058 0.00336313
10059 0.0033434
10060 0.00332346
10061 0.00330331
10062 0.00328295
10063 0.0032624
10064 0.00324165
10065 0.00322072
10066 0.0031996
10067 0.00317831
10068 0.00315684
10069 0.00313521
10070 0.00311341
10071 0.00309147
10072 0.00306937
10073 0.00304712
10074 0.00302474
10075 0.00300222
10076 0.00297958
10077 0.00295681
10078 0.00293393
10079 0.00291093
10080 0.00288783
10081 0.00286462
10082 0.00284132
10083 0.00281794
10084 0.00279446
10085 0.00277091
10086 0.00274728
10087 0.00272359
10088 0.00269983
10089 0.00267601
10090 0.00265214
10091 0.00262823
10092 0.00260427
10093 0.00258027
10094 0.00255624
10095 0.00253219
10096 0.00250811
10097 0.00248401
10098 0.00245991
10099 0.00243579
10100 0.00241167
10101 0.00238756
10102 0.00236345
10103 0.00233936
10104 0.00231528
10105 0.00229122
10106 0.00226719
10107 0.00224319
10108 0.00221922
10109 0.00219529
10110 0.00217141
10111 0.00214757
10112 0.00212378
10113 0.00210005
10114 0.00207638
10115 0.00205277
10116 0.00202923
10117 0.00200577
10118 0.00198237
10119 0.00195906
10120 0.00193583
10121 0.00191269
10122 0.00188963
10123 0.00186667
10124 0.00184381
10125 0.00182105
10126 0.00179839
10127 0.00177584
10128 0.00175339
10129 0.00173106
10130 0.00170885
10131 0.00168675
10132 0.00166477
10133 0.00164292
10134 0.0016212
10135 0.0015996
10136 0.00157814
10137 0.00155681
10138 0.00153562
10139 0.00151457
10140 0.00149366
10141 0.00147289
10142 0.00145227
10143 0.00143179
10144 0.00141147
10145 0.00139129
10146 0.00137127
10147 0.00135141
10148 0.0013317
10149 0.00131215
10150 0.00129276
10151 0.00127353
10152 0.00125446
10153 0.00123556
10154 0.00121682
10155 0.00119824
10156 0.00117984
10157 0.0011616
10158 0.00114353
10159 0.00112564
10160 0.00110791
10161 0.00109035
10162 0.00107297
10163 0.00105576
10164 0.00103873
10165 0.00102187
10166 0.00100518
10167 0.00098867
10168 0.000972335
10169 0.000956176
10170 0.000940192
10171 0.000924385
10172 0.000908755
10173 0.000893301
10174 0.000878023
10175 0.000862922
10176 0.000847997
10177 0.000833249
10178 0.000818676
10179 0.00080428
10180 0.000790059
10181 0.000776013
10182 0.000762142
10183 0.000748445
10184 0.000734923
10185 0.000721574
10186 0.000708397
10187 0.000695394
10188 0.000682561
10189 0.0006699
10190 0.000657409
10191 0.000645088
10192 0.000632936
10193 0.000620952
10194 0.000609134
10195 0.000597483
10196 0.000585998
10197 0.000574677
10198 0.000563519
10199 0.000552524
10200 0.00054169
10201 0.000531017
10202 0.000520502
10203 0.000510146
10204 0.000499948
10205 0.000489904
10206 0.000480016
10207 0.000470281
10208 0.000460699
10209 0.000451267
10210 0.000441986
10211 0.000432852
10212 0.000423866
10213 0.000415026
10214 0.000406331
10215 0.000397779
10216 0.000389368
10217 0.000381098
10218 0.000372968
10219 0.000364975
10220 0.000357118
10221 0.000349397
10222 0.000341808
10223 0.000334352
10224 0.000327027
10225 0.000319831
10226 0.000312762
10227 0.00030582
10228 0.000299003
10229 0.000292309
10230 0.000285737
10231 0.000279286
10232 0.000272953
10233 0.000266738
10234 0.000260639
10235 0.000254655
10236 0.000248783
10237 0.000243024
10238 0.000237374
10239 0.000231833
10240 0.0002264
10241 0.000221072
10242 0.000215849
10243 0.000210728
10244 0.000205709
10245 0.000200789
10246 0.000195968
10247 0.000191245
10248 0.000186617
10249 0.000182083
10250 0.000177642
10251 0.000173292
10252 0.000169032
10253 0.000164861
10254 0.000160778
10255 0.00015678
10256 0.000152866
10257 0.000149036
10258 0.000145288
10259 0.00014162
10260 0.000138031
10261 0.00013452
10262 0.000131086
10263 0.000127726
10264 0.000124441
10265 0.000121229
10266 0.000118087
10267 0.000115016
10268 0.000112015
10269 0.00010908
10270 0.000106213
10271 0.00010341
10272 0.000100672
10273 9.79965e-05
10274 9.5383e-05
10275 9.28302e-05
10276 9.03369e-05
10277 8.7902e-05
10278 8.55244e-05
10279 8.32031e-05
10280 8.09368e-05
10281 7.87247e-05
10282 7.65655e-05
10283 7.44584e-05
10284 7.24021e-05
10285 7.03959e-05
10286 6.84385e-05
10287 6.65291e-05
10288 6.46667e-05
10289 6.28503e-05
10290 6.10791e-05
10291 5.93519e-05
10292 5.7668e-05
10293 5.60264e-05
10294 5.44263e-05
10295 5.28667e-05
10296 5.13469e-05
10297 4.98658e-05
10298 4.84228e-05
10299 4.7017e-05
10300 4.56476e-05
10301 4.43138e-05
10302 4.30147e-05
10303 4.17497e-05
10304 4.0518e-05
10305 3.93187e-05
10306 3.81513e-05
10307 3.70149e-05
10308 3.5909e-05
10309 3.48326e-05
10310 3.37853e-05
10311 3.27663e-05
10312 3.17749e-05
10313 3.08105e-05
10314 2.98725e-05
10315 2.89603e-05
10316 2.80731e-05
10317 2.72106e-05
10318 2.63719e-05
10319 2.55567e-05
10320 2.47642e-05
10321 2.3994e-05
10322 2.32455e-05
10323 2.25182e-05
10324 2.18115e-05
10325 2.11249e-05
10326 2.0458e-05
10327 1.98102e-05
10328 1.91811e-05
10329 1.85701e-05
10330 1.79769e-05
10331 1.74009e-05
10332 1.68418e-05
10333 1.6299e-05
10334 1.57722e-05
10335 1.5261e-05
10336 1.47649e-05
10337 1.42835e-05
10338 1.38165e-05
10339 1.33635e-05
10340 1.29241e-05
10341 1.24979e-05
10342 1.20846e-05
10343 1.16838e-05
10344 1.12953e-05
10345 1.09186e-05
10346 1.05534e-05
10347 1.01995e-05
10348 9.85652e-06
10349 9.52412e-06
10350 9.20205e-06
10351 8.89001e-06
10352 8.58773e-06
10353 8.29491e-06
10354 8.01131e-06
10355 7.73666e-06
10356 7.47071e-06
10357 7.21319e-06
10358 6.96389e-06
10359 6.72255e-06
10360 6.48895e-06
10361 6.26286e-06
10362 6.04406e-06
10363 5.83235e-06
10364 5.62751e-06
10365 5.42934e-06
10366 5.23764e-06
10367 5.05222e-06
10368 4.8729e-06
10369 4.69949e-06
10370 4.53181e-06
10371 4.36969e-06
10372 4.21297e-06
10373 4.06148e-06
10374 3.91506e-06
10375 3.77355e-06
10376 3.6368e-06
10377 3.50468e-06
10378 3.37703e-06
10379 3.25371e-06
10380 3.1346e-06
10381 3.01955e-06
10382 2.90845e-06
10383 2.80116e-06
10384 2.69758e-06
10385 2.59757e-06
10386 2.50103e-06
10387 2.40785e-06
10388 2.31791e-06
10389 2.23112e-06
10390 2.14737e-06
10391 2.06657e-06
10392 1.98862e-06
10393 1.91342e-06
10394 1.84089e-06
10395 1.77094e-06
10396 1.70348e-06
10397 1.63843e-06
10398 1.57572e-06
10399 1.51526e-06
10400 1.45698e-06
10401 1.40081e-06
10402 1.34667e-06
10403 1.2945e-06
10404 1.24424e-06
10405 1.19581e-06
10406 1.14915e-06
10407 1.10421e-06
10408 1.06092e-06
10409 1.01924e-06
10410 9.79094e-07
10411 9.40442e-07
10412 9.03229e-07
10413 8.67405e-07
10414 8.32922e-07
10415 7.99733e-07
10416 7.67793e-07
10417 7.37058e-07
10418 7.07485e-07
10419 6.79034e-07
10420 6.51664e-07
10421 6.25337e-07
10422 6.00016e-07
10423 5.75666e-07
10424 5.5225e-07
10425 5.29736e-07
10426 5.08092e-07
10427 4.87285e-07
10428 4.67285e-07
10429 4.48063e-07
10430 4.29591e-07
10431 4.1184e-07
10432 3.94786e-07
10433 3.78401e-07
10434 3.62661e-07
10435 3.47543e-07
10436 3.33023e-07
10437 3.1908e-07
10438 3.0569e-07
10439 2.92835e-07
10440 2.80493e-07
10441 2.68646e-07
10442 2.57274e-07
10443 2.46361e-07
10444 2.35887e-07
10445 2.25837e-07
10446 2.16195e-07
10447 2.06945e-07
10448 1.98071e-07
10449 1.8956e-07
10450 1.81397e-07
10451 1.73569e-07
10452 1.66063e-07
10453 1.58866e-07
10454 1.51967e-07
10455 1.45353e-07
10456 1.39014e-07
10457 1.32939e-07
10458 1.27117e-07
10459 1.21539e-07
10460 1.16194e-07
10461 1.11073e-07
10462 1.06168e-07
10463 1.0147e-07
10464 9.69707e-08
10465 9.26619e-08
10466 8.85361e-08
10467 8.45859e-08
10468 8.08043e-08
10469 7.71844e-08
10470 7.37195e-08
10471 7.04035e-08
10472 6.72303e-08
10473 6.41939e-08
10474 6.12888e-08
10475 5.85096e-08
10476 5.58511e-08
10477 5.33083e-08
10478 5.08764e-08
10479 4.85508e-08
10480 4.63271e-08
10481 4.4201e-08
10482 4.21685e-08
10483 4.02256e-08
10484 3.83686e-08
10485 3.65938e-08
10486 3.48977e-08
10487 3.32771e-08
10488 3.17288e-08
10489 3.02496e-08
10490 2.88366e-08
10491 2.7487e-08
10492 2.6198e-08
10493 2.49672e-08
10494 2.37918e-08
10495 2.26697e-08
10496 2.15984e-08
10497 2.05758e-08
10498 1.95997e-08
10499 1.86682e-08
10500 1.77792e-08
10501 1.6931e-08
10502 1.61217e-08
10503 1.53496e-08
10504 1.46131e-08
10505 1.39106e-08
10506 1.32406e-08
10507 1.26017e-08
10508 1.19925e-08
10509 1.14116e-08
10510 1.08579e-08
10511 1.033e-08
10512 9.82689e-09
10513 9.34737e-09
10514 8.89041e-09
10515 8.45497e-09
10516 8.0401e-09
10517 7.64487e-09
10518 7.26836e-09
10519 6.90975e-09
10520 6.5682e-09
10521 6.24294e-09
10522 5.93323e-09
10523 5.63834e-09
10524 5.35761e-09
10525 5.09036e-09
10526 4.83599e-09
10527 4.59389e-09
10528 4.3635e-09
10529 4.14427e-09
10530 3.93568e-09
10531 3.73723e-09
10532 3.54845e-09
10533 3.36889e-09
10534 3.19811e-09
10535 3.0357e-09
10536 2.88126e-09
10537 2.73443e-09
10538 2.59482e-09
10539 2.46212e-09
10540 2.33597e-09
10541 2.21608e-09
10542 2.10215e-09
10543 1.99388e-09
10544 1.89101e-09
10545 1.79328e-09
10546 1.70043e-09
10547 1.61224e-09
10548 1.52848e-09
10549 1.44893e-09
10550 1.3734e-09
10551 1.30168e-09
10552 1.23358e-09
10553 1.16894e-09
10554 1.10758e-09
10555 1.04934e-09
10556 9.94071e-10
10557 9.41622e-10
10558 8.91857e-10
10559 8.44641e-10
10560 7.9985e-10
10561 7.57362e-10
10562 7.17063e-10
10563 6.78844e-10
10564 6.42601e-10
10565 6.08236e-10
10566 5.75654e-10
10567 5.44766e-10
10568 5.15486e-10
10569 4.87734e-10
10570 4.61432e-10
10571 4.36508e-10
10572 4.1289e-10
10573 3.90514e-10
10574 3.69315e-10
10575 3.49234e-10
10576 3.30214e-10
10577 3.122e-10
10578 2.95141e-10
10579 2.78987e-10
10580 2.63693e-10
10581 2.49214e-10
10582 2.35507e-10
10583 2.22534e-10
10584 2.10255e-10
10585 1.98635e-10
10586 1.87639e-10
10587 1.77235e-10
10588 1.67393e-10
10589 1.58082e-10
10590 1.49274e-10
10591 1.40945e-10
10592 1.33067e-10
10593 1.25618e-10
10594 1.18575e-10
10595 1.11916e-10
10596 1.05621e-10
10597 9.96703e-11
10598 9.40463e-11
10599 8.87313e-11
10600 8.37088e-11
10601 7.89631e-11
10602 7.44794e-11
10603 7.02437e-11
10604 6.62427e-11
10605 6.24636e-11
10606 5.88946e-11
10607 5.55243e-11
10608 5.23419e-11
10609 4.93373e-11
10610 4.65007e-11
10611 4.38231e-11
10612 4.12958e-11
10613 3.89106e-11
10614 3.66597e-11
10615 3.45358e-11
10616 3.25318e-11
10617 3.06412e-11
10618 2.88578e-11
10619 2.71756e-11
10620 2.55891e-11
10621 2.40929e-11
10622 2.26821e-11
10623 2.13519e-11
10624 2.00978e-11
10625 1.89156e-11
10626 1.78012e-11
10627 1.67509e-11
10628 1.57611e-11
10629 1.48284e-11
10630 1.39496e-11
10631 1.31216e-11
10632 1.23416e-11
10633 1.16069e-11
10634 1.09149e-11
10635 1.02632e-11
10636 9.64949e-12
10637 9.07163e-12
10638 8.52757e-12
10639 8.01539e-12
10640 7.53326e-12
10641 7.07946e-12
10642 6.65238e-12
10643 6.25048e-12
10644 5.8723e-12
10645 5.51649e-12
10646 5.18174e-12
10647 4.86686e-12
10648 4.57068e-12
10649 4.29212e-12
10650 4.03016e-12
10651 3.78383e-12
10652 3.55223e-12
10653 3.33449e-12
10654 3.1298e-12
10655 2.9374e-12
10656 2.75657e-12
10657 2.58663e-12
10658 2.42693e-12
10659 2.27689e-12
10660 2.13592e-12
10661 2.00349e-12
10662 1.87909e-12
10663 1.76225e-12
10664 1.65252e-12
10665 1.54948e-12
10666 1.45273e-12
10667 1.36189e-12
10668 1.27662e-12
10669 1.19657e-12
10670 1.12143e-12
10671 1.05091e-12
10672 9.84739e-13
10673 9.22645e-13
10674 8.64385e-13
10675 8.09729e-13
10676 7.58457e-13
10677 7.10365e-13
10678 6.65261e-13
10679 6.22962e-13
10680 5.83297e-13
10681 5.46107e-13
10682 5.11241e-13
10683 4.78555e-13
10684 4.47918e-13
10685 4.19203e-13
10686 3.92291e-13
10687 3.67073e-13
10688 3.43444e-13
10689 3.21306e-13
10690 3.00567e-13
10691 2.8114e-13
10692 2.62945e-13
10693 2.45904e-13
10694 2.29945e-13
10695 2.15003e-13
10696 2.01012e-13
10697 1.87915e-13
10698 1.75654e-13
10699 1.64178e-13
10700 1.53437e-13
10701 1.43386e-13
10702 1.3398e-13
10703 1.2518e-13
10704 1.16947e-13
10705 1.09245e-13
10706 1.02041e-13
10707 9.53034e-14
10708 8.9002e-14
10709 8.31096e-14
10710 7.76e-14
10711 7.24488e-14
10712 6.76334e-14
10713 6.3132e-14
10714 5.89248e-14
10715 5.49928e-14
10716 5.13184e-14
10717 4.78851e-14
10718 4.46772e-14
10719 4.16804e-14
10720 3.8881e-14
10721 3.62662e-14
10722 3.38241e-14
10723 3.15435e-14
10724 2.94139e-14
10725 2.74256e-14
10726 2.55692e-14
10727 2.38363e-14
10728 2.22188e-14
10729 2.07091e-14
10730 1.93002e-14
10731 1.79855e-14
10732 1.67587e-14
10733 1.56142e-14
10734 1.45465e-14
10735 1.35505e-14
10736 1.26216e-14
10737 1.17552e-14
10738 1.09473e-14
10739 1.0194e-14
10740 9.4916e-15
10741 8.83679e-15
10742 8.22639e-15
10743 7.65744e-15
10744 7.12718e-15
10745 6.63302e-15
10746 6.17255e-15
10747 5.74351e-15
10748 5.34379e-15
10749 4.97143e-15
10750 4.62459e-15
10751 4.30154e-15
10752 4.00069e-15
10753 3.72054e-15
10754 3.45968e-15
10755 3.21681e-15
10756 2.99071e-15
10757 2.78024e-15
10758 2.58435e-15
10759 2.40204e-15
10760 2.23238e-15
10761 2.07451e-15
10762 1.92762e-15
10763 1.79097e-15
10764 1.66385e-15
10765 1.54561e-15
10766 1.43564e-15
10767 1.33337e-15
10768 1.23827e-15
10769 1.14985e-15
10770 1.06764e-15
10771 9.91218e-16
10772 9.20181e-16
10773 8.54154e-16
10774 7.92792e-16
10775 7.3577e-16
10776 6.82786e-16
10777 6.33558e-16
10778 5.87826e-16
10779 5.45343e-16
10780 5.05884e-16
10781 4.69237e-16
10782 4.35204e-16
10783 4.03602e-16
10784 3.7426e-16
10785 3.47019e-16
10786 3.21731e-16
10787 2.98258e-16
10788 2.76472e-16
10789 2.56254e-16
10790 2.37492e-16
10791 2.20083e-16
10792 2.03932e-16
10793 1.88948e-16
10794 1.75049e-16
10795 1.62158e-16
10796 1.50202e-16
10797 1.39114e-16
10798 1.28833e-16
10799 1.19301e-16
10800 1.10464e-16
10801 1.02272e-16
10802 9.46788e-17
10803 8.76413e-17
10804 8.11193e-17
10805 7.50757e-17
10806 6.94759e-17
10807 6.42879e-17
10808 5.94818e-17
10809 5.50298e-17
10810 5.09064e-17
10811 4.70876e-17
10812 4.35513e-17
10813 4.02768e-17
10814 3.7245e-17
10815 3.44383e-17
10816 3.18401e-17
10817 2.94353e-17
10818 2.72095e-17
10819 2.51498e-17
10820 2.32438e-17
10821 2.14802e-17
10822 1.98487e-17
10823 1.83394e-17
10824 1.69432e-17
10825 1.56519e-17
10826 1.44577e-17
10827 1.33534e-17
10828 1.23323e-17
10829 1.13882e-17
10830 1.05154e-17
10831 9.70865e-18
10832 8.96293e-18
10833 8.27373e-18
10834 7.63682e-18
10835 7.04829e-18
10836 6.50451e-18
10837 6.00213e-18
10838 5.53804e-18
10839 5.10937e-18
10840 4.71344e-18
10841 4.34779e-18
10842 4.01014e-18
10843 3.69836e-18
10844 3.41052e-18
10845 3.14478e-18
10846 2.89949e-18
10847 2.67308e-18
10848 2.46412e-18
10849 2.27129e-18
10850 2.09335e-18
10851 1.92918e-18
10852 1.77772e-18
10853 1.638e-18
10854 1.50912e-18
10855 1.39025e-18
10856 1.28063e-18
10857 1.17954e-18
10858 1.08633e-18
10859 1.0004e-18
10860 9.21179e-19
10861 8.48153e-19
10862 7.80844e-19
10863 7.18811e-19
10864 6.61645e-19
10865 6.08969e-19
10866 5.60435e-19
10867 5.15722e-19
10868 4.74533e-19
10869 4.36593e-19
10870 4.01649e-19
10871 3.69469e-19
10872 3.39835e-19
10873 3.12549e-19
10874 2.87428e-19
10875 2.64302e-19
10876 2.43014e-19
10877 2.2342e-19
10878 2.05387e-19
10879 1.88792e-19
10880 1.73522e-19
10881 1.59473e-19
10882 1.46547e-19
10883 1.34657e-19
10884 1.2372e-19
10885 1.13661e-19
10886 1.0441e-19
10887 9.59037e-20
10888 8.8082e-20
10889 8.08908e-20
10890 7.42799e-20
10891 6.8203e-20
10892 6.26175e-20
10893 5.74842e-20
10894 5.27668e-20
10895 4.84321e-20
10896 4.44495e-20
10897 4.07906e-20
10898 3.74294e-20
10899 3.4342e-20
10900 3.15065e-20
10901 2.89024e-20
10902 2.65111e-20
10903 2.43154e-20
10904 2.22995e-20
10905 2.04489e-20
10906 1.87501e-20
10907 1.71909e-20
10908 1.57599e-20
10909 1.44467e-20
10910 1.32417e-20
10911 1.21361e-20
10912 1.11218e-20
10913 1.01913e-20
10914 9.33785e-21
10915 8.55506e-21
10916 7.83718e-21
10917 7.17887e-21
10918 6.57527e-21
10919 6.02186e-21
10920 5.51452e-21
10921 5.04947e-21
10922 4.62321e-21
10923 4.23254e-21
10924 3.87454e-21
10925 3.54649e-21
10926 3.24591e-21
10927 2.97054e-21
10928 2.71829e-21
10929 2.48722e-21
10930 2.27559e-21
10931 2.08178e-21
10932 1.9043e-21
10933 1.74179e-21
10934 1.593e-21
10935 1.45679e-21
10936 1.33211e-21
10937 1.21798e-21
10938 1.11353e-21
10939 1.01795e-21
10940 9.30483e-22
10941 8.50455e-22
10942 7.77239e-22
10943 7.10262e-22
10944 6.48996e-22
10945 5.92961e-22
10946 5.41715e-22
10947 4.94853e-22
10948 4.52003e-22
10949 4.12826e-22
10950 3.7701e-22
10951 3.4427e-22
10952 3.14344e-22
10953 2.86994e-22
10954 2.61999e-22
10955 2.39159e-22
10956 2.18291e-22
10957 1.99225e-22
