7171 0.000000
7172 0.000000
7173 0.000000
7174 0.000000
7175 0.000000
7176 0.000000
7177 0.000000
7178 0.000000
7179 0.000000
7180 0.000000
7181 0.000000
7182 0.000000
7183 0.000000
7184 0.000000
7185 0.000000
7186 0.000000
7187 0.000000
7188 0.000000
7189 0.000000
7190 0.000000
7191 0.000000
7192 0.000000
7193 0.000000
7194 0.000000
7195 0.000000
7196 0.000000
7197 0.000000
7198 0.000000
7199 0.000000
7200 0.000000
7201 0.000000
7202 0.000000
7203 0.000000
7204 0.000000
7205 0.000000
7206 0.000000
7207 0.000000
7208 0.000000
7209 0.000000
7210 0.000000
7211 0.000000
7212 0.000000
7213 0.000000
7214 0.000000
7215 0.000000
7216 0.000000
7217 0.000000
7218 0.000000
7219 0.000000
7220 0.000000
7221 0.000000
7222 0.000000
7223 0.000000
7224 0.000000
7225 0.000000
7226 0.000000
7227 0.000000
7228 0.000000
7229 0.000000
7230 0.000000
7231 0.000000
7232 0.000000
7233 0.000000
7234 0.000000
7235 0.000000
7236 0.000000
7237 0.000000
7238 0.000000
7239 0.000000
7240 0.000000
7241 0.000000
7242 0.000000
7243 0.000000
7244 0.000000
7245 0.000000
7246 0.000000
7247 0.000000
7248 0.000000
7249 0.000000
7250 0.000000
7251 0.000000
7252 0.000000
7253 0.000000
7254 0.000000
7255 0.000000
7256 0.000000
7257 0.000000
7258 0.000000
7259 0.000000
7260 0.000000
7261 0.000000
7262 0.000000
7263 0.000000
7264 0.000000
7265 0.000000
7266 0.000000
7267 0.000000
7268 0.000000
7269 0.000000
7270 0.000000
7271 0.000000
7272 0.000000
7273 0.000000
7274 0.000000
7275 0.000000
7276 0.000000
7277 0.000000
7278 0.000000
7279 0.000000
7280 0.000000
7281 0.000000
7282 0.000000
7283 0.000000
7284 0.000000
7285 0.000000
7286 0.000000
7287 0.000000
7288 0.000000
7289 0.000000
7290 0.000000
7291 0.000000
7292 0.000000
7293 0.000000
7294 0.000000
7295 0.000000
7296 0.000000
7297 0.000000
7298 0.000000
7299 0.000000
7300 0.000000
7301 0.000000
7302 0.000000
7303 0.000000
7304 0.000000
7305 0.000000
7306 0.000000
7307 0.000000
7308 0.000000
7309 0.000000
7310 0.000000
7311 0.000000
7312 0.000000
7313 0.000000
7314 0.000000
7315 0.000000
7316 0.000000
7317 0.000000
7318 0.000000
7319 0.000000
7320 0.000000
7321 0.000000
7322 0.000000
7323 0.000000
7324 0.000000
7325 0.000000
7326 0.000000
7327 0.000000
7328 0.000000
7329 0.000000
7330 0.000000
7331 0.000000
7332 0.000000
7333 0.000000
7334 0.000000
7335 0.000000
7336 0.000000
7337 0.000000
7338 0.000000
7339 0.000000
7340 0.000000
7341 0.000000
7342 0.000000
7343 0.000000
7344 0.000000
7345 0.000000
7346 0.000000
7347 0.000000
7348 0.000000
7349 0.000000
7350 0.000000
7351 0.000000
7352 0.000000
7353 0.000000
7354 0.000000
7355 0.000000
7356 0.000000
7357 0.000000
7358 0.000000
7359 0.000000
7360 0.000000
7361 0.000000
7362 0.000000
7363 0.000000
7364 0.000000
7365 0.000000
7366 0.000000
7367 0.000000
7368 0.000000
7369 0.000000
7370 0.000000
7371 0.000000
7372 0.000000
7373 0.000000
7374 0.000000
7375 0.000000
7376 0.000000
7377 0.000000
7378 0.000000
7379 0.000000
7380 0.000000
7381 0.000000
7382 0.000000
7383 0.000000
7384 0.000000
7385 0.000000
7386 0.000000
7387 0.000000
7388 0.000000
7389 0.000000
7390 0.000000
7391 0.000000
7392 0.000000
7393 0.000000
7394 0.000000
7395 0.000000
7396 0.000000
7397 0.000000
7398 0.000000
7399 0.000000
7400 0.000000
7401 0.000000
7402 0.000000
7403 0.000000
7404 0.000000
7405 0.000000
7406 0.000000
7407 0.000000
7408 0.000000
7409 0.000000
7410 0.000000
7411 0.000000
7412 0.000000
7413 0.000000
7414 0.000000
7415 0.000000
7416 0.000000
7417 0.000000
7418 0.000000
7419 0.000000
7420 0.000000
7421 0.000000
7422 0.000000
7423 0.000000
7424 0.000000
7425 0.000000
7426 0.000000
7427 0.000000
7428 0.000000
7429 0.000000
7430 0.000000
7431 0.000000
7432 0.000000
7433 0.000000
7434 0.000000
7435 0.000000
7436 0.000000
7437 0.000000
7438 0.000000
7439 0.000000
7440 0.000000
7441 0.000000
7442 0.000000
7443 0.000000
7444 0.000000
7445 0.000000
7446 0.000000
7447 0.000000
7448 0.000000
7449 0.000000
7450 0.000000
7451 0.000000
7452 0.000000
7453 0.000000
7454 0.000000
7455 0.000000
7456 0.000000
7457 0.000000
7458 0.000000
7459 0.000000
7460 0.000000
7461 0.000000
7462 0.000000
7463 0.000000
7464 0.000000
7465 0.000000
7466 0.000000
7467 0.000000
7468 0.000000
7469 0.000000
7470 0.000000
7471 0.000000
7472 0.000000
7473 0.000000
7474 0.000000
7475 0.000000
7476 0.000000
7477 0.000000
7478 0.000000
7479 0.000000
7480 0.000000
7481 0.000000
7482 0.000000
7483 0.000000
7484 0.000000
7485 0.000000
7486 0.000000
7487 0.000000
7488 0.000000
7489 0.000000
7490 0.000000
7491 0.000000
7492 0.000000
7493 0.000000
7494 0.000000
7495 0.000000
7496 0.000000
7497 0.000000
7498 0.000000
7499 0.000000
7500 0.000000
7501 0.000000
7502 0.000000
7503 0.000000
7504 0.000000
7505 0.000000
7506 0.000000
7507 0.000000
7508 0.000000
7509 0.000000
7510 0.000000
7511 0.000000
7512 0.000000
7513 0.000000
7514 0.000000
7515 0.000000
7516 0.000000
7517 0.000000
7518 0.000000
7519 0.000000
7520 0.000000
7521 0.000000
7522 0.000000
7523 0.000000
7524 0.000000
7525 0.000000
7526 0.000000
7527 0.000000
7528 0.000000
7529 0.000000
7530 0.000000
7531 0.000000
7532 0.000000
7533 0.000000
7534 0.000000
7535 0.000000
7536 0.000000
7537 0.000000
7538 0.000000
7539 0.000000
7540 0.000000
7541 0.000000
7542 0.000000
7543 0.000000
7544 0.000000
7545 0.000000
7546 0.000000
7547 0.000000
7548 0.000000
7549 0.000000
7550 0.000000
7551 0.000000
7552 0.000000
7553 0.000000
7554 0.000000
7555 0.000000
7556 0.000000
7557 0.000000
7558 0.000000
7559 0.000000
7560 0.000000
7561 0.000000
7562 0.000000
7563 0.000000
7564 0.000000
7565 0.000000
7566 0.000000
7567 0.000000
7568 0.000000
7569 0.000000
7570 0.000000
7571 0.000000
7572 0.000000
7573 0.000000
7574 0.000000
7575 0.000000
7576 0.000000
7577 0.000000
7578 0.000000
7579 0.000000
7580 0.000000
7581 0.000000
7582 0.000000
7583 0.000000
7584 0.000000
7585 0.000000
7586 0.000000
7587 0.000000
7588 0.000000
7589 0.000000
7590 0.000000
7591 0.000000
7592 0.000000
7593 0.000000
7594 0.000000
7595 0.000000
7596 0.000000
7597 0.000000
7598 0.000000
7599 0.000000
7600 0.000000
7601 0.000000
7602 0.000000
7603 0.000000
7604 0.000000
7605 0.000000
7606 0.000000
7607 0.000000
7608 0.000000
7609 0.000000
7610 0.000000
7611 0.000000
7612 0.000000
7613 0.000000
7614 0.000000
7615 0.000000
7616 0.000000
7617 0.000000
7618 0.000000
7619 0.000000
7620 0.000000
7621 0.000000
7622 0.000001
7623 0.000001
7624 0.000001
7625 0.000001
7626 0.000001
7627 0.000001
7628 0.000001
7629 0.000001
7630 0.000001
7631 0.000001
7632 0.000001
7633 0.000001
7634 0.000001
7635 0.000001
7636 0.000001
7637 0.000001
7638 0.000001
7639 0.000001
7640 0.000001
7641 0.000001
7642 0.000001
7643 0.000001
7644 0.000001
7645 0.000001
7646 0.000002
7647 0.000002
7648 0.000002
7649 0.000002
7650 0.000002
7651 0.000002
7652 0.000002
7653 0.000002
7654 0.000002
7655 0.000002
7656 0.000002
7657 0.000003
7658 0.000003
7659 0.000003
7660 0.000003
7661 0.000003
7662 0.000003
7663 0.000003
7664 0.000003
7665 0.000004
7666 0.000004
7667 0.000004
7668 0.000004
7669 0.000004
7670 0.000004
7671 0.000005
7672 0.000005
7673 0.000005
7674 0.000005
7675 0.000005
7676 0.000006
7677 0.000006
7678 0.000006
7679 0.000007
7680 0.000007
7681 0.000007
7682 0.000007
7683 0.000008
7684 0.000008
7685 0.000008
7686 0.000009
7687 0.000009
7688 0.000009
7689 0.000010
7690 0.000010
7691 0.000011
7692 0.000011
7693 0.000011
7694 0.000012
7695 0.000012
7696 0.000013
7697 0.000013
7698 0.000014
7699 0.000014
7700 0.000015
7701 0.000015
7702 0.000016
7703 0.000017
7704 0.000017
7705 0.000018
7706 0.000019
7707 0.000019
7708 0.000020
7709 0.000021
7710 0.000022
7711 0.000022
7712 0.000023
7713 0.000024
7714 0.000025
7715 0.000026
7716 0.000027
7717 0.000028
7718 0.000029
7719 0.000030
7720 0.000031
7721 0.000032
7722 0.000033
7723 0.000035
7724 0.000036
7725 0.000037
7726 0.000038
7727 0.000040
7728 0.000041
7729 0.000042
7730 0.000044
7731 0.000045
7732 0.000047
7733 0.000049
7734 0.000050
7735 0.000052
7736 0.000054
7737 0.000056
7738 0.000058
7739 0.000059
7740 0.000062
7741 0.000064
7742 0.000066
7743 0.000068
7744 0.000071
7745 0.000073
7746 0.000076
7747 0.000078
7748 0.000081
7749 0.000083
7750 0.000085
7751 0.000089
7752 0.000091
7753 0.000094
7754 0.000097
7755 0.000100
7756 0.000103
7757 0.000106
7758 0.000109
7759 0.000113
7760 0.000116
7761 0.000119
7762 0.000123
7763 0.000127
7764 0.000130
7765 0.000135
7766 0.000139
7767 0.000143
7768 0.000148
7769 0.000152
7770 0.000157
7771 0.000162
7772 0.000166
7773 0.000172
7774 0.000177
7775 0.000182
7776 0.000188
7777 0.000193
7778 0.000198
7779 0.000204
7780 0.000209
7781 0.000216
7782 0.000221
7783 0.000226
7784 0.000233
7785 0.000239
7786 0.000244
7787 0.000252
7788 0.000258
7789 0.000264
7790 0.000273
7791 0.000279
7792 0.000288
7793 0.000295
7794 0.000302
7795 0.000311
7796 0.000319
7797 0.000326
7798 0.000337
7799 0.000345
7800 0.000353
7801 0.000364
7802 0.000373
7803 0.000382
7804 0.000394
7805 0.000403
7806 0.000416
7807 0.000426
7808 0.000434
7809 0.000446
7810 0.000455
7811 0.000464
7812 0.000477
7813 0.000486
7814 0.000496
7815 0.000510
7816 0.000520
7817 0.000534
7818 0.000545
7819 0.000555
7820 0.000571
7821 0.000582
7822 0.000593
7823 0.000610
7824 0.000622
7825 0.000634
7826 0.000652
7827 0.000665
7828 0.000683
7829 0.000696
7830 0.000710
7831 0.000730
7832 0.000744
7833 0.000759
7834 0.000780
7835 0.000795
7836 0.000811
7837 0.000834
7838 0.000850
7839 0.000863
7840 0.000884
7841 0.000898
7842 0.000919
7843 0.000934
7844 0.000948
7845 0.000971
7846 0.000986
7847 0.001002
7848 0.001025
7849 0.001041
7850 0.001058
7851 0.001083
7852 0.001100
7853 0.001126
7854 0.001144
7855 0.001162
7856 0.001189
7857 0.001208
7858 0.001227
7859 0.001256
7860 0.001276
7861 0.001296
7862 0.001327
7863 0.001348
7864 0.001380
7865 0.001401
7866 0.001423
7867 0.001457
7868 0.001480
7869 0.001503
7870 0.001533
7871 0.001551
7872 0.001569
7873 0.001600
7874 0.001619
7875 0.001638
7876 0.001671
7877 0.001690
7878 0.001724
7879 0.001744
7880 0.001765
7881 0.001799
7882 0.001821
7883 0.001842
7884 0.001878
7885 0.001901
7886 0.001923
7887 0.001961
7888 0.001984
7889 0.002023
7890 0.002047
7891 0.002071
7892 0.002112
7893 0.002137
7894 0.002162
7895 0.002205
7896 0.002231
7897 0.002257
7898 0.002301
7899 0.002329
7900 0.002365
7901 0.002384
7902 0.002402
7903 0.002440
7904 0.002459
7905 0.002479
7906 0.002518
7907 0.002538
7908 0.002557
7909 0.002598
7910 0.002618
7911 0.002659
7912 0.002680
7913 0.002701
7914 0.002744
7915 0.002765
7916 0.002787
7917 0.002831
7918 0.002853
7919 0.002875
7920 0.002921
7921 0.002944
7922 0.002967
7923 0.003013
7924 0.003037
7925 0.003085
7926 0.003109
7927 0.003133
7928 0.003183
7929 0.003208
7930 0.003233
7931 0.003271
7932 0.003284
7933 0.003297
7934 0.003336
7935 0.003349
7936 0.003388
7937 0.003401
7938 0.003415
7939 0.003455
7940 0.003468
7941 0.003482
7942 0.003523
7943 0.003537
7944 0.003551
7945 0.003593
7946 0.003607
7947 0.003649
7948 0.003663
7949 0.003678
7950 0.003721
7951 0.003736
7952 0.003750
7953 0.003794
7954 0.003809
7955 0.003824
7956 0.003869
7957 0.003884
7958 0.003900
7959 0.003946
7960 0.003961
7961 0.004008
7962 0.004008
7963 0.004008
7964 0.004039
7965 0.004039
7966 0.004039
7967 0.004071
7968 0.004071
7969 0.004071
7970 0.004103
7971 0.004103
7972 0.004135
7973 0.004135
7974 0.004135
7975 0.004167
7976 0.004167
7977 0.004167
7978 0.004200
7979 0.004200
7980 0.004200
7981 0.004233
7982 0.004233
7983 0.004266
7984 0.004266
7985 0.004266
7986 0.004300
7987 0.004300
7988 0.004300
7989 0.004333
7990 0.004333
7991 0.004333
7992 0.004367
7993 0.004367
7994 0.004350
7995 0.004367
7996 0.004350
7997 0.004367
7998 0.004350
7999 0.004333
8000 0.004350
8001 0.004333
8002 0.004316
8003 0.004333
8004 0.004316
8005 0.004300
8006 0.004316
8007 0.004300
8008 0.004316
8009 0.004300
8010 0.004283
8011 0.004300
8012 0.004283
8013 0.004266
8014 0.004283
8015 0.004266
8016 0.004250
8017 0.004266
8018 0.004250
8019 0.004266
8020 0.004250
8021 0.004233
8022 0.004250
8023 0.004233
8024 0.004216
8025 0.004216
8026 0.004184
8027 0.004151
8028 0.004151
8029 0.004119
8030 0.004087
8031 0.004087
8032 0.004055
8033 0.004055
8034 0.004023
8035 0.003992
8036 0.003992
8037 0.003961
8038 0.003930
8039 0.003930
8040 0.003900
8041 0.003869
8042 0.003869
8043 0.003839
8044 0.003839
8045 0.003809
8046 0.003780
8047 0.003780
8048 0.003750
8049 0.003721
8050 0.003721
8051 0.003692
8052 0.003663
8053 0.003663
8054 0.003635
8055 0.003635
8056 0.003593
8057 0.003551
8058 0.003537
8059 0.003496
8060 0.003455
8061 0.003441
8062 0.003401
8063 0.003362
8064 0.003349
8065 0.003310
8066 0.003271
8067 0.003258
8068 0.003220
8069 0.003208
8070 0.003170
8071 0.003133
8072 0.003121
8073 0.003085
8074 0.003049
8075 0.003037
8076 0.003002
8077 0.002967
8078 0.002955
8079 0.002921
8080 0.002909
8081 0.002875
8082 0.002842
8083 0.002831
8084 0.002798
8085 0.002765
8086 0.002754
8087 0.002722
8088 0.002680
8089 0.002659
8090 0.002618
8091 0.002598
8092 0.002557
8093 0.002518
8094 0.002498
8095 0.002459
8096 0.002421
8097 0.002402
8098 0.002365
8099 0.002329
8100 0.002310
8101 0.002275
8102 0.002239
8103 0.002222
8104 0.002187
8105 0.002170
8106 0.002137
8107 0.002104
8108 0.002087
8109 0.002055
8110 0.002023
8111 0.002007
8112 0.001976
8113 0.001946
8114 0.001930
8115 0.001901
8116 0.001886
8117 0.001856
8118 0.001828
8119 0.001806
8120 0.001771
8121 0.001737
8122 0.001717
8123 0.001684
8124 0.001651
8125 0.001632
8126 0.001600
8127 0.001582
8128 0.001551
8129 0.001521
8130 0.001503
8131 0.001474
8132 0.001446
8133 0.001429
8134 0.001401
8135 0.001374
8136 0.001358
8137 0.001332
8138 0.001306
8139 0.001291
8140 0.001266
8141 0.001251
8142 0.001227
8143 0.001203
8144 0.001189
8145 0.001166
8146 0.001144
8147 0.001130
8148 0.001109
8149 0.001087
8150 0.001074
8151 0.001050
8152 0.001033
8153 0.001009
8154 0.000986
8155 0.000971
8156 0.000948
8157 0.000926
8158 0.000912
8159 0.000891
8160 0.000870
8161 0.000857
8162 0.000837
8163 0.000824
8164 0.000805
8165 0.000786
8166 0.000774
8167 0.000756
8168 0.000738
8169 0.000727
8170 0.000710
8171 0.000694
8172 0.000683
8173 0.000667
8174 0.000652
8175 0.000642
8176 0.000627
8177 0.000617
8178 0.000603
8179 0.000589
8180 0.000580
8181 0.000566
8182 0.000553
8183 0.000545
8184 0.000532
8185 0.000520
8186 0.000512
8187 0.000500
8188 0.000492
8189 0.000481
8190 0.000469
8191 0.000462
8192 0.000451
8193 0.000441
8194 0.000434
8195 0.000424
8196 0.000414
8197 0.000408
8198 0.000398
8199 0.000389
8200 0.000377
8201 0.000366
8202 0.000357
8203 0.000346
8204 0.000335
8205 0.000328
8206 0.000318
8207 0.000308
8208 0.000301
8209 0.000291
8210 0.000285
8211 0.000276
8212 0.000267
8213 0.000261
8214 0.000253
8215 0.000245
8216 0.000240
8217 0.000232
8218 0.000225
8219 0.000220
8220 0.000213
8221 0.000207
8222 0.000202
8223 0.000196
8224 0.000191
8225 0.000185
8226 0.000180
8227 0.000175
8228 0.000170
8229 0.000165
8230 0.000161
8231 0.000156
8232 0.000151
8233 0.000148
8234 0.000143
8235 0.000140
8236 0.000136
8237 0.000131
8238 0.000128
8239 0.000124
8240 0.000121
8241 0.000118
8242 0.000114
8243 0.000111
8244 0.000108
8245 0.000105
8246 0.000102
8247 0.000099
8248 0.000096
8249 0.000094
8250 0.000091
8251 0.000088
8252 0.000086
8253 0.000084
8254 0.000081
8255 0.000079
8256 0.000077
8257 0.000074
8258 0.000073
8259 0.000070
8260 0.000069
8261 0.000067
8262 0.000065
8263 0.000063
8264 0.000060
8265 0.000058
8266 0.000056
8267 0.000054
8268 0.000052
8269 0.000050
8270 0.000048
8271 0.000047
8272 0.000045
8273 0.000043
8274 0.000042
8275 0.000040
8276 0.000039
8277 0.000038
8278 0.000036
8279 0.000035
8280 0.000034
8281 0.000032
8282 0.000031
8283 0.000030
8284 0.000029
8285 0.000028
8286 0.000027
8287 0.000026
8288 0.000025
8289 0.000024
8290 0.000023
8291 0.000023
8292 0.000022
8293 0.000021
8294 0.000020
8295 0.000020
8296 0.000019
8297 0.000018
8298 0.000018
8299 0.000017
8300 0.000016
8301 0.000016
8302 0.000015
8303 0.000015
8304 0.000014
8305 0.000014
8306 0.000013
8307 0.000013
8308 0.000012
8309 0.000012
8310 0.000011
8311 0.000011
8312 0.000011
8313 0.000010
8314 0.000010
8315 0.000009
8316 0.000009
8317 0.000009
8318 0.000009
8319 0.000008
8320 0.000008
8321 0.000008
8322 0.000007
8323 0.000007
8324 0.000007
8325 0.000007
8326 0.000006
8327 0.000006
8328 0.000006
8329 0.000006
8330 0.000005
8331 0.000005
8332 0.000005
8333 0.000005
8334 0.000004
8335 0.000004
8336 0.000004
8337 0.000004
8338 0.000004
8339 0.000004
8340 0.000003
8341 0.000003
8342 0.000003
8343 0.000003
8344 0.000003
8345 0.000003
8346 0.000003
8347 0.000003
8348 0.000002
8349 0.000002
8350 0.000002
8351 0.000002
8352 0.000002
8353 0.000002
8354 0.000002
8355 0.000002
8356 0.000002
8357 0.000002
8358 0.000002
8359 0.000001
8360 0.000001
8361 0.000001
8362 0.000001
8363 0.000001
8364 0.000001
8365 0.000001
8366 0.000001
8367 0.000001
8368 0.000001
8369 0.000001
8370 0.000001
8371 0.000001
8372 0.000001
8373 0.000001
8374 0.000001
8375 0.000001
8376 0.000001
8377 0.000001
8378 0.000001
8379 0.000001
8380 0.000001
8381 0.000001
8382 0.000001
8383 0.000001
8384 0.000000
8385 0.000000
8386 0.000000
8387 0.000000
8388 0.000000
8389 0.000000
8390 0.000000
8391 0.000000
8392 0.000000
8393 0.000000
8394 0.000000
8395 0.000000
8396 0.000000
8397 0.000000
8398 0.000000
8399 0.000000
8400 0.000000
8401 0.000000
8402 0.000000
8403 0.000000
8404 0.000000
8405 0.000000
8406 0.000000
8407 0.000000
8408 0.000000
8409 0.000000
8410 0.000000
8411 0.000000
8412 0.000000
8413 0.000000
8414 0.000000
8415 0.000000
8416 0.000000
8417 0.000000
8418 0.000000
8419 0.000000
8420 0.000000
8421 0.000000
8422 0.000000
8423 0.000000
8424 0.000000
8425 0.000000
8426 0.000000
8427 0.000000
8428 0.000000
8429 0.000000
8430 0.000000
8431 0.000000
8432 0.000000
8433 0.000000
8434 0.000000
8435 0.000000
8436 0.000000
8437 0.000000
8438 0.000000
8439 0.000000
8440 0.000000
8441 0.000000
8442 0.000000
8443 0.000000
8444 0.000000
8445 0.000000
8446 0.000000
8447 0.000000
8448 0.000000
8449 0.000000
8450 0.000000
8451 0.000000
8452 0.000000
8453 0.000000
8454 0.000000
8455 0.000000
8456 0.000000
8457 0.000000
8458 0.000000
8459 0.000000
8460 0.000000
8461 0.000000
8462 0.000000
8463 0.000000
8464 0.000000
8465 0.000000
8466 0.000000
8467 0.000000
8468 0.000000
8469 0.000000
8470 0.000000
8471 0.000000
8472 0.000000
8473 0.000000
8474 0.000000
8475 0.000000
8476 0.000000
8477 0.000000
8478 0.000000
8479 0.000000
8480 0.000000
8481 0.000000
8482 0.000000
8483 0.000000
8484 0.000000
8485 0.000000
8486 0.000000
8487 0.000000
8488 0.000000
8489 0.000000
8490 0.000000
8491 0.000000
8492 0.000000
8493 0.000000
8494 0.000000
8495 0.000000
8496 0.000000
8497 0.000000
8498 0.000000
8499 0.000000
8500 0.000000
8501 0.000000
8502 0.000000
8503 0.000000
8504 0.000000
8505 0.000000
8506 0.000000
8507 0.000000
8508 0.000000
8509 0.000000
8510 0.000000
8511 0.000000
8512 0.000000
8513 0.000000
8514 0.000000
8515 0.000000
8516 0.000000
8517 0.000000
8518 0.000000
8519 0.000000
8520 0.000000
8521 0.000000
8522 0.000000
8523 0.000000
8524 0.000000
8525 0.000000
8526 0.000000
8527 0.000000
8528 0.000000
8529 0.000000
8530 0.000000
8531 0.000000
8532 0.000000
8533 0.000000
8534 0.000000
8535 0.000000
8536 0.000000
8537 0.000000
8538 0.000000
8539 0.000000
8540 0.000000
8541 0.000000
8542 0.000000
8543 0.000000
8544 0.000000
8545 0.000000
8546 0.000000
8547 0.000000
8548 0.000000
8549 0.000000
8550 0.000000
8551 0.000000
8552 0.000000
8553 0.000000
8554 0.000000
8555 0.000000
8556 0.000000
8557 0.000000
8558 0.000000
8559 0.000000
8560 0.000000
8561 0.000000
8562 0.000000
8563 0.000000
8564 0.000000
8565 0.000000
8566 0.000000
8567 0.000000
8568 0.000000
8569 0.000000
8570 0.000000
8571 0.000000
8572 0.000000
8573 0.000000
8574 0.000000
8575 0.000000
8576 0.000000
8577 0.000000
8578 0.000000
8579 0.000000
8580 0.000000
8581 0.000000
8582 0.000000
8583 0.000000
8584 0.000000
8585 0.000000
8586 0.000000
8587 0.000000
8588 0.000000
8589 0.000000
8590 0.000000
8591 0.000000
8592 0.000000
8593 0.000000
8594 0.000000
8595 0.000000
8596 0.000000
8597 0.000000
8598 0.000000
8599 0.000000
8600 0.000000
8601 0.000000
8602 0.000000
8603 0.000000
8604 0.000000
8605 0.000000
8606 0.000000
8607 0.000000
8608 0.000000
8609 0.000000
8610 0.000000
8611 0.000000
8612 0.000000
8613 0.000000
8614 0.000000
8615 0.000000
8616 0.000000
8617 0.000000
8618 0.000000
8619 0.000000
8620 0.000000
8621 0.000000
8622 0.000000
8623 0.000000
8624 0.000000
8625 0.000000
8626 0.000000
8627 0.000000
8628 0.000000
8629 0.000000
8630 0.000000
8631 0.000000
8632 0.000000
8633 0.000000
8634 0.000000
8635 0.000000
8636 0.000000
8637 0.000000
8638 0.000000
8639 0.000000
8640 0.000000
8641 0.000000
8642 0.000000
8643 0.000000
8644 0.000000
8645 0.000000
8646 0.000000
8647 0.000000
8648 0.000000
8649 0.000000
8650 0.000000
8651 0.000000
8652 0.000000
8653 0.000000
8654 0.000000
8655 0.000000
8656 0.000000
8657 0.000000
8658 0.000000
8659 0.000000
8660 0.000000
8661 0.000000
8662 0.000000
8663 0.000000
8664 0.000000
8665 0.000000
8666 0.000000
8667 0.000000
8668 0.000000
8669 0.000000
8670 0.000000
8671 0.000000
8672 0.000000
8673 0.000000
8674 0.000000
8675 0.000000
8676 0.000000
8677 0.000000
8678 0.000000
8679 0.000000
8680 0.000000
8681 0.000000
8682 0.000000
8683 0.000000
8684 0.000000
8685 0.000000
8686 0.000000
8687 0.000000
8688 0.000000
8689 0.000000
8690 0.000000
8691 0.000000
8692 0.000000
8693 0.000000
8694 0.000000
8695 0.000000
8696 0.000000
8697 0.000000
8698 0.000000
8699 0.000000
8700 0.000000
8701 0.000000
8702 0.000000
8703 0.000000
8704 0.000000
8705 0.000000
8706 0.000000
8707 0.000000
8708 0.000000
8709 0.000000
8710 0.000000
8711 0.000000
8712 0.000000
8713 0.000000
8714 0.000000
8715 0.000000
8716 0.000000
8717 0.000000
8718 0.000000
8719 0.000000
8720 0.000000
8721 0.000000
8722 0.000000
8723 0.000000
8724 0.000000
8725 0.000000
8726 0.000000
8727 0.000000
8728 0.000000
8729 0.000000
8730 0.000000
8731 0.000000
8732 0.000000
8733 0.000000
8734 0.000000
8735 0.000000
8736 0.000000
8737 0.000000
8738 0.000000
8739 0.000000
8740 0.000000
8741 0.000000
8742 0.000000
8743 0.000000
8744 0.000000
8745 0.000000
8746 0.000000
8747 0.000000
8748 0.000000
8749 0.000000
8750 0.000000
8751 0.000000
8752 0.000000
8753 0.000000
8754 0.000000
8755 0.000000
8756 0.000000
8757 0.000000
8758 0.000000
8759 0.000000
8760 0.000000
8761 0.000000
8762 0.000000
8763 0.000000
8764 0.000000
8765 0.000000
8766 0.000000
8767 0.000000
8768 0.000000
8769 0.000000
8770 0.000000
8771 0.000000
8772 0.000000
8773 0.000000
8774 0.000000
8775 0.000000
8776 0.000000
8777 0.000000
8778 0.000000
8779 0.000000
8780 0.000000
8781 0.000000
8782 0.000000
8783 0.000000
8784 0.000000
8785 0.000000
8786 0.000000
8787 0.000000
8788 0.000000
8789 0.000000
8790 0.000000
8791 0.000000
8792 0.000000
8793 0.000000
8794 0.000000
8795 0.000000
8796 0.000000
8797 0.000000
8798 0.000000
8799 0.000000
8800 0.000000
8801 0.000000
8802 0.000000
8803 0.000000
8804 0.000000
8805 0.000000
8806 0.000000
8807 0.000000
8808 0.000000
8809 0.000000
8810 0.000000
8811 0.000000
8812 0.000000
8813 0.000000
8814 0.000000
8815 0.000000
8816 0.000000
8817 0.000000
8818 0.000000
8819 0.000000
8820 0.000000
8821 0.000000
8822 0.000000
8823 0.000000
8824 0.000000
8825 0.000000
8826 0.000000
8827 0.000000
8828 0.000000
8829 0.000000
8830 0.000000
8831 0.000000
8832 0.000000
8833 0.000000
8834 0.000000
8835 0.000000
8836 0.000000
8837 0.000000
8838 0.000000
8839 0.000000
8840 0.000000
8841 0.000000
8842 0.000000
8843 0.000000
8844 0.000000
8845 0.000000
8846 0.000000
8847 0.000000
8848 0.000000
8849 0.000000
8850 0.000000
8851 0.000000
8852 0.000000
8853 0.000000
8854 0.000000
8855 0.000000
8856 0.000000
8857 0.000000
8858 0.000000
