714 0.000000
715 0.000000
716 0.000000
717 0.000000
718 0.000000
719 0.000000
720 0.000000
721 0.000000
722 0.000000
723 0.000000
724 0.000000
725 0.000000
726 0.000000
727 0.000000
728 0.000000
729 0.000000
730 0.000000
731 0.000000
732 0.000000
733 0.000000
734 0.000000
735 0.000000
736 0.000000
737 0.000000
738 0.000000
739 0.000000
740 0.000000
741 0.000000
742 0.000000
743 0.000000
744 0.000000
745 0.000000
746 0.000000
747 0.000000
748 0.000000
749 0.000000
750 0.000000
751 0.000000
752 0.000000
753 0.000000
754 0.000000
755 0.000000
756 0.000000
757 0.000000
758 0.000000
759 0.000000
760 0.000000
761 0.000000
762 0.000000
763 0.000000
764 0.000000
765 0.000000
766 0.000000
767 0.000000
768 0.000000
769 0.000000
770 0.000000
771 0.000000
772 0.000000
773 0.000000
774 0.000000
775 0.000000
776 0.000000
777 0.000000
778 -0.000000
779 -0.000000
780 -0.000000
781 0.000000
782 -0.000000
783 -0.000000
784 -0.000000
785 -0.000000
786 -0.000000
787 0.000000
788 0.000000
789 0.000000
790 -0.000000
791 -0.000000
792 0.000000
793 0.000000
794 0.000000
795 0.000000
796 0.000000
797 0.000000
798 0.000000
799 0.000000
800 0.000000
801 0.000000
802 0.000000
803 0.000000
804 0.000000
805 0.000000
806 0.000000
807 0.000000
808 0.000000
809 0.000000
810 0.000000
811 0.000000
812 0.000000
813 0.000000
814 0.000000
815 0.000000
816 0.000000
817 0.000000
818 0.000000
819 0.000000
820 0.000000
821 0.000000
822 0.000000
823 0.000000
824 0.000000
825 0.000000
826 0.000000
827 0.000000
828 0.000000
829 0.000000
830 0.000000
831 0.000000
832 0.000000
833 0.000000
834 0.000000
835 0.000000
836 0.000000
837 0.000000
838 0.000000
839 0.000000
840 0.000000
841 0.000000
842 0.000000
843 0.000000
844 0.000000
845 0.000000
846 0.000000
847 0.000000
848 0.000000
849 0.000000
850 0.000000
851 0.000000
852 0.000000
853 0.000000
854 0.000000
855 0.000000
856 0.000000
857 0.000000
858 0.000000
859 0.000000
860 0.000000
861 0.000000
862 0.000000
863 0.000000
864 0.000000
865 0.000000
866 0.000000
867 0.000000
868 0.000000
869 0.000000
870 0.000000
871 0.000000
872 0.000000
873 0.000000
874 0.000000
875 0.000000
876 0.000000
877 0.000000
878 0.000000
879 0.000000
880 0.000000
881 0.000000
882 0.000000
883 0.000000
884 0.000000
885 0.000000
886 0.000000
887 0.000000
888 0.000000
889 0.000000
890 0.000000
891 0.000000
892 0.000000
893 0.000000
894 0.000000
895 0.000000
896 0.000000
897 0.000000
898 0.000000
899 0.000000
900 0.000000
901 0.000000
902 0.000000
903 0.000000
904 0.000000
905 0.000000
906 0.000000
907 0.000000
908 0.000000
909 0.000000
910 0.000000
911 0.000000
912 0.000000
913 0.000000
914 0.000000
915 0.000000
916 0.000000
917 0.000001
918 0.000001
919 0.000001
920 0.000001
921 0.000001
922 0.000001
923 0.000001
924 0.000001
925 0.000001
926 0.000001
927 0.000001
928 0.000001
929 0.000001
930 0.000001
931 0.000002
932 0.000002
933 0.000002
934 0.000001
935 0.000001
936 0.000002
937 0.000002
938 0.000002
939 0.000002
940 0.000002
941 0.000003
942 0.000004
943 0.000004
944 0.000004
945 0.000004
946 0.000003
947 0.000004
948 0.000004
949 0.000005
950 0.000005
951 0.000005
952 0.000005
953 0.000005
954 0.000006
955 0.000007
956 0.000007
957 0.000008
958 0.000005
959 0.000005
960 0.000004
961 0.000005
962 0.000007
963 0.000008
964 0.000008
965 0.000008
966 0.000008
967 0.000007
968 0.000006
969 0.000008
970 0.000006
971 0.000007
972 0.000008
973 0.000009
974 0.000009
975 0.000008
976 0.000007
977 0.000006
978 0.000009
979 0.000011
980 0.000013
981 0.000015
982 0.000011
983 0.000012
984 0.000012
985 0.000012
986 0.000012
987 0.000011
988 0.000009
989 0.000007
990 0.000005
991 0.000008
992 0.000011
993 0.000013
994 0.000009
995 0.000011
996 0.000012
997 0.000013
998 0.000014
999 0.000014
1000 0.000014
1001 0.000014
1002 0.000013
1003 0.000012
1004 0.000011
1005 0.000010
1006 0.000002
1007 0.000001
1008 -0.000001
1009 -0.000003
1010 -0.000006
1011 -0.000008
1012 -0.000004
1013 -0.000001
1014 0.000002
1015 0.000004
1016 0.000007
1017 0.000009
1018 0.000006
1019 0.000009
1020 0.000011
1021 0.000013
1022 0.000014
1023 0.000016
1024 0.000018
1025 0.000019
1026 0.000021
1027 0.000022
1028 0.000023
1029 0.000024
1030 0.000025
1031 0.000023
1032 0.000024
1033 0.000025
1034 0.000026
1035 0.000027
1036 0.000027
1037 0.000025
1038 0.000023
1039 0.000021
1040 0.000020
1041 0.000018
1042 0.000017
1043 0.000013
1044 0.000012
1045 0.000011
1046 0.000011
1047 0.000010
1048 0.000009
1049 0.000009
1050 0.000009
1051 0.000009
1052 0.000008
1053 0.000008
1054 0.000008
1055 0.000007
1056 0.000007
1057 0.000007
1058 0.000008
1059 0.000007
1060 0.000006
1061 0.000005
1062 0.000005
1063 0.000004
1064 0.000004
1065 0.000004
1066 0.000004
1067 0.000003
1068 0.000003
1069 0.000003
1070 0.000003
1071 0.000003
1072 0.000003
1073 0.000002
1074 0.000002
1075 0.000002
1076 0.000002
1077 0.000002
1078 0.000002
1079 0.000001
1080 0.000001
1081 0.000001
1082 0.000001
1083 0.000001
1084 0.000001
1085 0.000001
1086 0.000001
1087 0.000001
1088 0.000001
1089 0.000001
1090 0.000001
1091 0.000000
1092 0.000000
1093 0.000000
1094 0.000000
1095 0.000000
1096 0.000000
1097 0.000000
1098 0.000000
1099 0.000000
1100 0.000000
1101 0.000000
1102 0.000000
1103 0.000000
1104 0.000000
1105 0.000000
1106 0.000000
1107 0.000000
1108 0.000000
1109 0.000000
1110 0.000000
1111 0.000000
1112 0.000000
1113 0.000000
1114 0.000000
1115 0.000000
1116 0.000000
1117 0.000000
1118 0.000000
1119 0.000000
1120 0.000000
1121 0.000000
1122 0.000000
1123 0.000000
1124 0.000000
1125 0.000000
1126 0.000000
1127 0.000000
1128 0.000000
1129 0.000000
1130 0.000000
1131 0.000000
1132 0.000000
1133 0.000000
1134 0.000000
1135 0.000000
1136 0.000000
1137 0.000000
1138 0.000000
1139 0.000000
1140 0.000000
1141 0.000000
1142 0.000000
1143 0.000000
1144 0.000000
1145 0.000000
1146 0.000000
1147 0.000000
1148 0.000000
1149 0.000000
1150 0.000000
1151 0.000000
1152 0.000000
1153 0.000000
1154 0.000000
1155 0.000000
1156 0.000000
1157 0.000000
1158 0.000000
1159 0.000000
1160 0.000000
1161 0.000000
1162 0.000000
1163 0.000000
1164 0.000000
1165 0.000000
1166 0.000000
1167 0.000000
1168 0.000000
1169 0.000000
1170 0.000000
1171 0.000000
1172 0.000000
1173 0.000000
1174 0.000000
1175 0.000000
1176 0.000000
1177 0.000000
1178 0.000000
1179 0.000000
1180 0.000000
1181 0.000000
1182 0.000000
1183 0.000000
1184 0.000000
1185 0.000000
1186 0.000000
1187 0.000000
1188 0.000000
1189 0.000000
1190 0.000000
1191 0.000000
1192 0.000000
1193 0.000000
1194 0.000000
1195 0.000000
1196 0.000000
1197 0.000000
1198 0.000000
1199 0.000000
1200 0.000000
1201 0.000000
1202 0.000000
1203 0.000000
1204 0.000000
1205 0.000000
1206 0.000000
1207 0.000000
1208 0.000000
1209 0.000000
1210 0.000000
1211 0.000000
1212 0.000000
1213 0.000000
1214 0.000000
1215 0.000000
1216 0.000000
1217 0.000000
1218 0.000000
1219 0.000000
1220 0.000000
1221 0.000000
1222 0.000000
1223 0.000000
1224 0.000000
1225 0.000000
1226 0.000000
1227 0.000000
1228 0.000000
1229 0.000000
1230 0.000000
1231 0.000000
1232 0.000000
1233 0.000000
1234 0.000000
1235 0.000000
1236 0.000000
1237 0.000000
1238 0.000000
1239 0.000000
1240 0.000000
1241 0.000000
1242 0.000000
1243 0.000000
1244 0.000000
1245 0.000000
1246 0.000000
1247 0.000000
1248 0.000000
1249 0.000000
1250 0.000000
1251 0.000000
1252 0.000000
1253 0.000000
1254 0.000000
1255 0.000000
1256 0.000000
1257 0.000000
1258 0.000000
1259 0.000000
1260 0.000000
1261 0.000000
1262 0.000000
1263 0.000000
1264 0.000000
1265 0.000000
1266 0.000000
1267 0.000000
1268 0.000000
1269 0.000000
1270 0.000000
1271 0.000000
1272 0.000000
1273 0.000000
1274 0.000000
1275 0.000000
1276 0.000000
1277 0.000000
1278 0.000000
1279 0.000000
1280 0.000000
1281 0.000000
1282 0.000000
1283 0.000000
1284 0.000000
1285 0.000000
1286 0.000000
1287 0.000000
1288 0.000000
1289 0.000000
1290 0.000000
1291 0.000000
1292 0.000000
1293 0.000000
1294 0.000000
1295 0.000000
1296 0.000000
1297 0.000000
1298 0.000000
1299 0.000000
1300 0.000000
1301 0.000000
1302 0.000000
1303 0.000000
1304 0.000000
1305 0.000000
1306 0.000000
1307 0.000000
1308 0.000000
1309 0.000000
1310 0.000000
1311 0.000000
1312 0.000000
1313 0.000000
1314 0.000000
1315 0.000000
1316 0.000000
