714 0.000000
715 0.000000
716 0.000000
717 0.000000
718 0.000000
719 0.000000
720 0.000000
721 0.000000
722 0.000000
723 0.000000
724 0.000000
725 0.000000
726 0.000000
727 0.000000
728 0.000000
729 0.000000
730 0.000000
731 0.000000
732 0.000000
733 0.000000
734 0.000000
735 0.000000
736 0.000000
737 0.000000
738 0.000000
739 0.000000
740 0.000000
741 0.000000
742 0.000000
743 0.000000
744 0.000000
745 0.000000
746 0.000000
747 0.000000
748 0.000000
749 0.000000
750 0.000000
751 0.000000
752 0.000000
753 0.000000
754 0.000000
755 0.000000
756 0.000000
757 0.000000
758 0.000000
759 0.000000
760 0.000000
761 0.000000
762 0.000000
763 0.000000
764 0.000000
765 0.000000
766 0.000000
767 0.000000
768 0.000000
769 0.000000
770 0.000000
771 0.000000
772 0.000000
773 0.000000
774 0.000000
775 0.000000
776 0.000000
777 0.000000
778 0.000000
779 0.000000
780 0.000000
781 0.000000
782 0.000000
783 0.000000
784 0.000000
785 0.000000
786 0.000000
787 0.000000
788 0.000000
789 0.000000
790 0.000000
791 0.000000
792 0.000000
793 0.000000
794 0.000000
795 0.000000
796 0.000000
797 0.000000
798 0.000000
799 0.000000
800 0.000000
801 0.000000
802 0.000000
803 0.000000
804 0.000000
805 0.000000
806 0.000000
807 0.000000
808 0.000000
809 0.000000
810 0.000000
811 0.000000
812 0.000000
813 0.000000
814 0.000000
815 0.000000
816 0.000000
817 0.000000
818 0.000000
819 0.000000
820 0.000000
821 0.000000
822 0.000000
823 0.000000
824 0.000000
825 0.000000
826 0.000000
827 0.000000
828 0.000000
829 0.000000
830 0.000000
831 0.000000
832 0.000000
833 0.000000
834 0.000000
835 0.000000
836 0.000000
837 0.000000
838 0.000000
839 0.000000
840 0.000000
841 0.000000
842 0.000000
843 0.000000
844 0.000000
845 0.000000
846 0.000000
847 0.000000
848 0.000000
849 0.000000
850 0.000000
851 0.000000
852 0.000000
853 0.000000
854 0.000000
855 0.000000
856 0.000000
857 0.000000
858 0.000000
859 0.000000
860 0.000000
861 0.000001
862 0.000001
863 0.000001
864 0.000001
865 0.000001
866 0.000001
867 0.000001
868 0.000001
869 0.000002
870 0.000002
871 0.000002
872 0.000003
873 0.000003
874 0.000003
875 0.000004
876 0.000004
877 0.000005
878 0.000006
879 0.000006
880 0.000007
881 0.000008
882 0.000009
883 0.000011
884 0.000012
885 0.000014
886 0.000016
887 0.000017
888 0.000020
889 0.000022
890 0.000025
891 0.000028
892 0.000031
893 0.000035
894 0.000039
895 0.000044
896 0.000049
897 0.000055
898 0.000061
899 0.000068
900 0.000075
901 0.000083
902 0.000092
903 0.000102
904 0.000113
905 0.000125
906 0.000138
907 0.000152
908 0.000168
909 0.000184
910 0.000203
911 0.000222
912 0.000244
913 0.000267
914 0.000292
915 0.000319
916 0.000349
917 0.000380
918 0.000414
919 0.000451
920 0.000490
921 0.000532
922 0.000577
923 0.000625
924 0.000676
925 0.000731
926 0.000790
927 0.000852
928 0.000918
929 0.000988
930 0.001062
931 0.001141
932 0.001224
933 0.001312
934 0.001405
935 0.001503
936 0.001606
937 0.001714
938 0.001827
939 0.001946
940 0.002070
941 0.002199
942 0.002334
943 0.002475
944 0.002622
945 0.002775
946 0.002935
947 0.003098
948 0.003268
949 0.003443
950 0.003624
951 0.003811
952 0.004004
953 0.004202
954 0.004404
955 0.004611
956 0.004822
957 0.005039
958 0.005263
959 0.005489
960 0.005718
961 0.005949
962 0.006183
963 0.006420
964 0.006659
965 0.006901
966 0.007145
967 0.007389
968 0.007635
969 0.007877
970 0.008124
971 0.008365
972 0.008605
973 0.008844
974 0.009080
975 0.009314
976 0.009544
977 0.009770
978 0.009987
979 0.010199
980 0.010405
981 0.010605
982 0.010804
983 0.010990
984 0.011169
985 0.011339
986 0.011501
987 0.011654
988 0.011797
989 0.011930
990 0.012053
991 0.012159
992 0.012255
993 0.012339
994 0.012417
995 0.012478
996 0.012527
997 0.012564
998 0.012588
999 0.012600
1000 0.012600
1001 0.012588
1002 0.012564
1003 0.012527
1004 0.012478
1005 0.012417
1006 0.012351
1007 0.012267
1008 0.012171
1009 0.012065
1010 0.011947
1011 0.011820
1012 0.011676
1013 0.011523
1014 0.011361
1015 0.011191
1016 0.011012
1017 0.010825
1018 0.010637
1019 0.010436
1020 0.010229
1021 0.010017
1022 0.009799
1023 0.009577
1024 0.009350
1025 0.009120
1026 0.008887
1027 0.008652
1028 0.008414
1029 0.008175
1030 0.007935
1031 0.007699
1032 0.007458
1033 0.007218
1034 0.006979
1035 0.006741
1036 0.006505
1037 0.006274
1038 0.006046
1039 0.005820
1040 0.005597
1041 0.005377
1042 0.005161
1043 0.004951
1044 0.004743
1045 0.004539
1046 0.004340
1047 0.004145
1048 0.003955
1049 0.003770
1050 0.003591
1051 0.003416
1052 0.003247
1053 0.003083
1054 0.002925
1055 0.002773
1056 0.002626
1057 0.002484
1058 0.002347
1059 0.002217
1060 0.002091
1061 0.001971
1062 0.001856
1063 0.001747
1064 0.001642
1065 0.001541
1066 0.001446
1067 0.001356
1068 0.001269
1069 0.001187
1070 0.001109
1071 0.001035
1072 0.000966
1073 0.000900
1074 0.000838
1075 0.000780
1076 0.000725
1077 0.000673
1078 0.000624
1079 0.000579
1080 0.000536
1081 0.000496
1082 0.000458
1083 0.000423
1084 0.000390
1085 0.000360
1086 0.000331
1087 0.000305
1088 0.000280
1089 0.000257
1090 0.000236
1091 0.000216
1092 0.000198
1093 0.000181
1094 0.000166
1095 0.000151
1096 0.000138
1097 0.000126
1098 0.000115
1099 0.000104
1100 0.000095
1101 0.000086
1102 0.000078
1103 0.000071
1104 0.000064
1105 0.000058
1106 0.000052
1107 0.000047
1108 0.000043
1109 0.000039
1110 0.000035
1111 0.000031
1112 0.000028
1113 0.000025
1114 0.000023
1115 0.000020
1116 0.000018
1117 0.000016
1118 0.000015
1119 0.000013
1120 0.000012
1121 0.000010
1122 0.000009
1123 0.000008
1124 0.000007
1125 0.000007
1126 0.000006
1127 0.000005
1128 0.000005
1129 0.000004
1130 0.000004
1131 0.000003
1132 0.000003
1133 0.000002
1134 0.000002
1135 0.000002
1136 0.000002
1137 0.000001
1138 0.000001
1139 0.000001
1140 0.000001
1141 0.000001
1142 0.000001
1143 0.000001
1144 0.000001
1145 0.000001
1146 0.000000
1147 0.000000
1148 0.000000
1149 0.000000
1150 0.000000
1151 0.000000
1152 0.000000
1153 0.000000
1154 0.000000
1155 0.000000
1156 0.000000
1157 0.000000
1158 0.000000
1159 0.000000
1160 0.000000
1161 0.000000
1162 0.000000
1163 0.000000
1164 0.000000
1165 0.000000
1166 0.000000
1167 0.000000
1168 0.000000
1169 0.000000
1170 0.000000
1171 0.000000
1172 0.000000
1173 0.000000
1174 0.000000
1175 0.000000
1176 0.000000
1177 0.000000
1178 0.000000
1179 0.000000
1180 0.000000
1181 0.000000
1182 0.000000
1183 0.000000
1184 0.000000
1185 0.000000
1186 0.000000
1187 0.000000
1188 0.000000
1189 0.000000
1190 0.000000
1191 0.000000
1192 0.000000
1193 0.000000
1194 0.000000
1195 0.000000
1196 0.000000
1197 0.000000
1198 0.000000
1199 0.000000
1200 0.000000
1201 0.000000
1202 0.000000
1203 0.000000
1204 0.000000
1205 0.000000
1206 0.000000
1207 0.000000
1208 0.000000
1209 0.000000
1210 0.000000
1211 0.000000
1212 0.000000
1213 0.000000
1214 0.000000
1215 0.000000
1216 0.000000
1217 0.000000
1218 0.000000
1219 0.000000
1220 0.000000
1221 0.000000
1222 0.000000
1223 0.000000
1224 0.000000
1225 0.000000
1226 0.000000
1227 0.000000
1228 0.000000
1229 0.000000
1230 0.000000
1231 0.000000
1232 0.000000
1233 0.000000
1234 0.000000
1235 0.000000
1236 0.000000
1237 0.000000
1238 0.000000
1239 0.000000
1240 0.000000
1241 0.000000
1242 0.000000
1243 0.000000
1244 0.000000
1245 0.000000
1246 0.000000
1247 0.000000
1248 0.000000
1249 0.000000
1250 0.000000
1251 0.000000
1252 0.000000
1253 0.000000
1254 0.000000
1255 0.000000
1256 0.000000
1257 0.000000
1258 0.000000
1259 0.000000
1260 0.000000
1261 0.000000
1262 0.000000
1263 0.000000
1264 0.000000
1265 0.000000
1266 0.000000
1267 0.000000
1268 0.000000
1269 0.000000
1270 0.000000
1271 0.000000
1272 0.000000
1273 0.000000
1274 0.000000
1275 0.000000
1276 0.000000
1277 0.000000
1278 0.000000
1279 0.000000
1280 0.000000
1281 0.000000
1282 0.000000
1283 0.000000
1284 0.000000
1285 0.000000
1286 0.000000
1287 0.000000
1288 0.000000
1289 0.000000
1290 0.000000
1291 0.000000
1292 0.000000
1293 0.000000
1294 0.000000
1295 0.000000
1296 0.000000
1297 0.000000
1298 0.000000
1299 0.000000
1300 0.000000
1301 0.000000
1302 0.000000
1303 0.000000
1304 0.000000
1305 0.000000
1306 0.000000
1307 0.000000
1308 0.000000
1309 0.000000
1310 0.000000
1311 0.000000
1312 0.000000
1313 0.000000
1314 0.000000
1315 0.000000
1316 0.000000
