9072 0.000000
9073 0.000000
9074 0.000000
9075 0.000000
9076 0.000000
9077 0.000000
9078 0.000000
9079 0.000000
9080 0.000000
9081 0.000000
9082 0.000000
9083 0.000000
9084 0.000000
9085 0.000000
9086 0.000000
9087 0.000000
9088 0.000000
9089 0.000000
9090 0.000000
9091 0.000000
9092 0.000000
9093 0.000000
9094 0.000000
9095 0.000000
9096 0.000000
9097 0.000000
9098 0.000000
9099 0.000000
9100 0.000000
9101 0.000000
9102 0.000000
9103 0.000000
9104 0.000000
9105 0.000000
9106 0.000000
9107 0.000000
9108 0.000000
9109 0.000000
9110 0.000000
9111 0.000000
9112 0.000000
9113 0.000000
9114 0.000000
9115 0.000000
9116 0.000000
9117 0.000000
9118 0.000000
9119 0.000000
9120 0.000000
9121 0.000000
9122 0.000000
9123 0.000000
9124 0.000000
9125 0.000000
9126 0.000000
9127 0.000000
9128 0.000000
9129 0.000000
9130 0.000000
9131 0.000000
9132 0.000000
9133 0.000000
9134 0.000000
9135 0.000000
9136 0.000000
9137 0.000000
9138 0.000000
9139 0.000000
9140 0.000000
9141 0.000000
9142 0.000000
9143 0.000000
9144 0.000000
9145 0.000000
9146 0.000000
9147 0.000000
9148 0.000000
9149 0.000000
9150 0.000000
9151 0.000000
9152 0.000000
9153 0.000000
9154 0.000000
9155 0.000000
9156 0.000000
9157 0.000000
9158 0.000000
9159 0.000000
9160 0.000000
9161 0.000000
9162 0.000000
9163 0.000000
9164 0.000000
9165 0.000000
9166 0.000000
9167 0.000000
9168 0.000000
9169 0.000000
9170 0.000000
9171 0.000000
9172 0.000000
9173 0.000000
9174 0.000000
9175 0.000000
9176 0.000000
9177 0.000000
9178 0.000000
9179 0.000000
9180 0.000000
9181 0.000000
9182 0.000000
9183 0.000000
9184 0.000000
9185 0.000000
9186 0.000000
9187 0.000000
9188 0.000000
9189 0.000000
9190 0.000000
9191 0.000000
9192 0.000000
9193 0.000000
9194 0.000000
9195 0.000000
9196 0.000000
9197 0.000000
9198 0.000000
9199 0.000000
9200 0.000000
9201 0.000000
9202 0.000000
9203 0.000000
9204 0.000000
9205 0.000000
9206 0.000000
9207 0.000000
9208 0.000000
9209 0.000000
9210 0.000000
9211 0.000000
9212 0.000000
9213 0.000000
9214 0.000000
9215 0.000000
9216 0.000000
9217 0.000000
9218 0.000000
9219 0.000000
9220 0.000000
9221 0.000000
9222 0.000000
9223 0.000000
9224 0.000000
9225 0.000000
9226 0.000000
9227 0.000000
9228 0.000000
9229 0.000000
9230 0.000000
9231 0.000000
9232 0.000000
9233 0.000000
9234 0.000000
9235 0.000000
9236 0.000000
9237 0.000000
9238 0.000000
9239 0.000000
9240 0.000000
9241 0.000000
9242 0.000000
9243 0.000000
9244 0.000000
9245 0.000000
9246 0.000000
9247 0.000000
9248 0.000000
9249 0.000000
9250 0.000000
9251 0.000000
9252 0.000000
9253 0.000000
9254 0.000000
9255 0.000000
9256 0.000000
9257 0.000000
9258 0.000000
9259 0.000000
9260 0.000000
9261 0.000000
9262 0.000000
9263 0.000000
9264 0.000000
9265 0.000000
9266 0.000000
9267 0.000000
9268 0.000000
9269 0.000000
9270 0.000000
9271 0.000000
9272 0.000000
9273 0.000000
9274 0.000000
9275 0.000000
9276 0.000000
9277 0.000000
9278 0.000000
9279 0.000000
9280 0.000000
9281 0.000000
9282 0.000000
9283 0.000000
9284 0.000000
9285 0.000000
9286 0.000000
9287 0.000000
9288 0.000000
9289 0.000000
9290 0.000000
9291 0.000000
9292 0.000000
9293 0.000000
9294 0.000000
9295 0.000000
9296 0.000000
9297 0.000000
9298 0.000000
9299 0.000000
9300 0.000000
9301 0.000000
9302 0.000000
9303 0.000000
9304 0.000000
9305 0.000000
9306 0.000000
9307 0.000000
9308 0.000000
9309 0.000000
9310 0.000000
9311 0.000000
9312 0.000000
9313 0.000000
9314 0.000000
9315 0.000000
9316 0.000000
9317 0.000000
9318 0.000000
9319 0.000000
9320 0.000000
9321 0.000000
9322 0.000000
9323 0.000000
9324 0.000000
9325 0.000000
9326 0.000000
9327 0.000000
9328 0.000000
9329 0.000000
9330 0.000000
9331 0.000000
9332 0.000000
9333 0.000000
9334 0.000000
9335 0.000000
9336 0.000000
9337 0.000000
9338 0.000000
9339 0.000000
9340 0.000000
9341 0.000000
9342 0.000000
9343 0.000000
9344 0.000000
9345 0.000000
9346 0.000000
9347 0.000000
9348 0.000000
9349 0.000000
9350 0.000000
9351 0.000000
9352 0.000000
9353 0.000000
9354 0.000000
9355 0.000000
9356 0.000000
9357 0.000000
9358 0.000000
9359 0.000000
9360 0.000000
9361 0.000000
9362 0.000000
9363 0.000000
9364 0.000000
9365 0.000000
9366 0.000000
9367 0.000000
9368 0.000000
9369 0.000000
9370 0.000000
9371 0.000000
9372 0.000000
9373 0.000000
9374 0.000000
9375 0.000000
9376 0.000000
9377 0.000000
9378 0.000000
9379 0.000000
9380 0.000000
9381 0.000000
9382 0.000000
9383 0.000000
9384 0.000000
9385 0.000000
9386 0.000000
9387 0.000000
9388 0.000000
9389 0.000000
9390 0.000000
9391 0.000000
9392 0.000000
9393 0.000000
9394 0.000000
9395 0.000000
9396 0.000000
9397 0.000000
9398 0.000000
9399 0.000000
9400 0.000000
9401 0.000000
9402 0.000000
9403 0.000000
9404 0.000000
9405 0.000000
9406 0.000000
9407 0.000000
9408 0.000000
9409 0.000000
9410 0.000000
9411 0.000000
9412 0.000000
9413 0.000000
9414 0.000000
9415 0.000000
9416 0.000000
9417 0.000000
9418 0.000000
9419 0.000000
9420 0.000000
9421 0.000000
9422 0.000000
9423 0.000000
9424 0.000000
9425 0.000000
9426 0.000000
9427 0.000000
9428 0.000000
9429 0.000000
9430 0.000000
9431 0.000000
9432 0.000000
9433 0.000000
9434 0.000000
9435 0.000000
9436 0.000000
9437 0.000000
9438 0.000000
9439 0.000000
9440 0.000000
9441 0.000000
9442 0.000000
9443 0.000000
9444 0.000000
9445 0.000000
9446 0.000000
9447 0.000000
9448 0.000000
9449 0.000000
9450 0.000000
9451 0.000000
9452 0.000000
9453 0.000000
9454 0.000000
9455 0.000000
9456 0.000000
9457 0.000000
9458 0.000000
9459 0.000000
9460 0.000000
9461 0.000000
9462 0.000000
9463 0.000000
9464 0.000000
9465 0.000000
9466 0.000000
9467 0.000000
9468 0.000000
9469 0.000000
9470 0.000000
9471 0.000000
9472 0.000000
9473 0.000000
9474 0.000000
9475 0.000000
9476 0.000000
9477 0.000000
9478 0.000000
9479 0.000000
9480 0.000000
9481 0.000000
9482 0.000000
9483 0.000000
9484 0.000000
9485 0.000000
9486 0.000000
9487 0.000000
9488 0.000000
9489 0.000000
9490 0.000000
9491 0.000000
9492 0.000000
9493 0.000000
9494 0.000000
9495 0.000000
9496 0.000000
9497 0.000000
9498 0.000000
9499 0.000000
9500 0.000000
9501 0.000000
9502 0.000000
9503 0.000000
9504 0.000000
9505 0.000000
9506 0.000000
9507 0.000000
9508 0.000000
9509 0.000000
9510 0.000000
9511 0.000000
9512 0.000000
9513 0.000000
9514 0.000000
9515 0.000000
9516 0.000000
9517 0.000000
9518 0.000000
9519 0.000000
9520 0.000000
9521 0.000000
9522 0.000000
9523 0.000000
9524 0.000000
9525 0.000000
9526 0.000000
9527 0.000000
9528 0.000000
9529 0.000000
9530 0.000000
9531 0.000000
9532 0.000000
9533 0.000000
9534 0.000000
9535 0.000000
9536 0.000000
9537 0.000000
9538 0.000000
9539 0.000000
9540 0.000000
9541 0.000000
9542 0.000000
9543 0.000000
9544 0.000000
9545 0.000000
9546 0.000000
9547 0.000000
9548 0.000000
9549 0.000000
9550 0.000000
9551 0.000000
9552 0.000000
9553 0.000000
9554 0.000000
9555 0.000000
9556 0.000000
9557 0.000000
9558 0.000000
9559 0.000000
9560 0.000000
9561 0.000000
9562 0.000000
9563 0.000000
9564 0.000000
9565 0.000000
9566 0.000000
9567 0.000000
9568 0.000000
9569 0.000000
9570 0.000000
9571 0.000000
9572 0.000000
9573 0.000000
9574 0.000000
9575 0.000000
9576 0.000000
9577 0.000000
9578 0.000000
9579 0.000001
9580 0.000001
9581 0.000001
9582 0.000001
9583 0.000001
9584 0.000001
9585 0.000001
9586 0.000001
9587 0.000001
9588 0.000001
9589 0.000001
9590 0.000001
9591 0.000001
9592 0.000001
9593 0.000001
9594 0.000001
9595 0.000001
9596 0.000001
9597 0.000001
9598 0.000001
9599 0.000001
9600 0.000001
9601 0.000001
9602 0.000001
9603 0.000001
9604 0.000001
9605 0.000001
9606 0.000002
9607 0.000002
9608 0.000002
9609 0.000002
9610 0.000002
9611 0.000002
9612 0.000002
9613 0.000002
9614 0.000002
9615 0.000002
9616 0.000002
9617 0.000002
9618 0.000002
9619 0.000003
9620 0.000003
9621 0.000003
9622 0.000003
9623 0.000003
9624 0.000003
9625 0.000003
9626 0.000003
9627 0.000003
9628 0.000004
9629 0.000004
9630 0.000004
9631 0.000004
9632 0.000004
9633 0.000004
9634 0.000005
9635 0.000005
9636 0.000005
9637 0.000005
9638 0.000005
9639 0.000005
9640 0.000006
9641 0.000006
9642 0.000006
9643 0.000006
9644 0.000007
9645 0.000007
9646 0.000007
9647 0.000007
9648 0.000008
9649 0.000008
9650 0.000008
9651 0.000009
9652 0.000009
9653 0.000009
9654 0.000010
9655 0.000010
9656 0.000011
9657 0.000011
9658 0.000011
9659 0.000012
9660 0.000012
9661 0.000013
9662 0.000013
9663 0.000014
9664 0.000014
9665 0.000014
9666 0.000015
9667 0.000015
9668 0.000016
9669 0.000016
9670 0.000017
9671 0.000017
9672 0.000018
9673 0.000018
9674 0.000019
9675 0.000020
9676 0.000020
9677 0.000021
9678 0.000021
9679 0.000022
9680 0.000023
9681 0.000023
9682 0.000024
9683 0.000025
9684 0.000026
9685 0.000026
9686 0.000027
9687 0.000028
9688 0.000029
9689 0.000030
9690 0.000031
9691 0.000032
9692 0.000033
9693 0.000034
9694 0.000035
9695 0.000036
9696 0.000037
9697 0.000038
9698 0.000039
9699 0.000041
9700 0.000042
9701 0.000043
9702 0.000045
9703 0.000046
9704 0.000047
9705 0.000049
9706 0.000050
9707 0.000052
9708 0.000053
9709 0.000055
9710 0.000057
9711 0.000059
9712 0.000061
9713 0.000063
9714 0.000065
9715 0.000067
9716 0.000069
9717 0.000070
9718 0.000073
9719 0.000075
9720 0.000077
9721 0.000080
9722 0.000082
9723 0.000085
9724 0.000088
9725 0.000090
9726 0.000093
9727 0.000096
9728 0.000099
9729 0.000102
9730 0.000105
9731 0.000108
9732 0.000111
9733 0.000115
9734 0.000119
9735 0.000122
9736 0.000126
9737 0.000129
9738 0.000132
9739 0.000136
9740 0.000139
9741 0.000142
9742 0.000145
9743 0.000148
9744 0.000151
9745 0.000155
9746 0.000158
9747 0.000162
9748 0.000166
9749 0.000170
9750 0.000174
9751 0.000178
9752 0.000182
9753 0.000187
9754 0.000191
9755 0.000196
9756 0.000199
9757 0.000203
9758 0.000208
9759 0.000213
9760 0.000218
9761 0.000223
9762 0.000229
9763 0.000234
9764 0.000240
9765 0.000245
9766 0.000251
9767 0.000257
9768 0.000263
9769 0.000267
9770 0.000274
9771 0.000280
9772 0.000287
9773 0.000294
9774 0.000301
9775 0.000308
9776 0.000315
9777 0.000323
9778 0.000330
9779 0.000338
9780 0.000346
9781 0.000354
9782 0.000360
9783 0.000368
9784 0.000377
9785 0.000386
9786 0.000395
9787 0.000405
9788 0.000414
9789 0.000424
9790 0.000434
9791 0.000444
9792 0.000455
9793 0.000466
9794 0.000477
9795 0.000488
9796 0.000496
9797 0.000508
9798 0.000520
9799 0.000532
9800 0.000545
9801 0.000557
9802 0.000571
9803 0.000584
9804 0.000598
9805 0.000612
9806 0.000627
9807 0.000642
9808 0.000657
9809 0.000667
9810 0.000683
9811 0.000699
9812 0.000716
9813 0.000727
9814 0.000738
9815 0.000750
9816 0.000762
9817 0.000774
9818 0.000786
9819 0.000798
9820 0.000811
9821 0.000824
9822 0.000830
9823 0.000843
9824 0.000857
9825 0.000870
9826 0.000884
9827 0.000898
9828 0.000912
9829 0.000926
9830 0.000941
9831 0.000956
9832 0.000971
9833 0.000986
9834 0.001002
9835 0.001009
9836 0.001025
9837 0.001041
9838 0.001058
9839 0.001074
9840 0.001091
9841 0.001109
9842 0.001126
9843 0.001144
9844 0.001162
9845 0.001180
9846 0.001199
9847 0.001218
9848 0.001227
9849 0.001246
9850 0.001266
9851 0.001286
9852 0.001306
9853 0.001327
9854 0.001348
9855 0.001369
9856 0.001390
9857 0.001412
9858 0.001435
9859 0.001457
9860 0.001480
9861 0.001492
9862 0.001515
9863 0.001539
9864 0.001563
9865 0.001588
9866 0.001613
9867 0.001638
9868 0.001664
9869 0.001690
9870 0.001717
9871 0.001744
9872 0.001771
9873 0.001799
9874 0.001813
9875 0.001842
9876 0.001871
9877 0.001901
9878 0.001930
9879 0.001961
9880 0.001992
9881 0.002023
9882 0.002055
9883 0.002087
9884 0.002120
9885 0.002154
9886 0.002187
9887 0.002205
9888 0.002239
9889 0.002275
9890 0.002292
9891 0.002310
9892 0.002329
9893 0.002347
9894 0.002365
9895 0.002384
9896 0.002402
9897 0.002421
9898 0.002440
9899 0.002459
9900 0.002459
9901 0.002479
9902 0.002498
9903 0.002518
9904 0.002538
9905 0.002557
9906 0.002577
9907 0.002598
9908 0.002618
9909 0.002639
9910 0.002659
9911 0.002680
9912 0.002701
9913 0.002701
9914 0.002722
9915 0.002744
9916 0.002765
9917 0.002787
9918 0.002809
9919 0.002831
9920 0.002853
9921 0.002875
9922 0.002898
9923 0.002921
9924 0.002944
9925 0.002967
9926 0.002967
9927 0.002990
9928 0.003013
9929 0.003037
9930 0.003061
9931 0.003085
9932 0.003109
9933 0.003133
9934 0.003158
9935 0.003183
9936 0.003208
9937 0.003233
9938 0.003258
9939 0.003284
9940 0.003284
9941 0.003310
9942 0.003336
9943 0.003362
9944 0.003388
9945 0.003415
9946 0.003441
9947 0.003468
9948 0.003496
9949 0.003523
9950 0.003551
9951 0.003578
9952 0.003607
9953 0.003607
9954 0.003635
9955 0.003663
9956 0.003692
9957 0.003721
9958 0.003750
9959 0.003780
9960 0.003809
9961 0.003839
9962 0.003869
9963 0.003900
9964 0.003930
9965 0.003961
9966 0.003961
9967 0.003961
9968 0.003961
9969 0.003961
9970 0.003961
9971 0.003961
9972 0.003961
9973 0.003961
9974 0.003961
9975 0.003961
9976 0.003961
9977 0.003961
9978 0.003961
9979 0.003930
9980 0.003930
9981 0.003930
9982 0.003930
9983 0.003930
9984 0.003930
9985 0.003930
9986 0.003930
9987 0.003930
9988 0.003930
9989 0.003930
9990 0.003930
9991 0.003930
9992 0.003900
9993 0.003900
9994 0.003900
9995 0.003900
9996 0.003900
9997 0.003900
9998 0.003900
9999 0.003900
10000 0.003900
10001 0.003900
10002 0.003900
10003 0.003900
10004 0.003900
10005 0.003869
10006 0.003869
10007 0.003869
10008 0.003869
10009 0.003869
10010 0.003869
10011 0.003869
10012 0.003869
10013 0.003869
10014 0.003869
10015 0.003869
10016 0.003869
10017 0.003869
10018 0.003839
10019 0.003839
10020 0.003839
10021 0.003839
10022 0.003839
10023 0.003839
10024 0.003839
10025 0.003839
10026 0.003839
10027 0.003839
10028 0.003839
10029 0.003839
10030 0.003839
10031 0.003809
10032 0.003809
10033 0.003809
10034 0.003809
10035 0.003809
10036 0.003809
10037 0.003809
10038 0.003809
10039 0.003809
10040 0.003809
10041 0.003809
10042 0.003809
10043 0.003809
10044 0.003780
10045 0.003780
10046 0.003750
10047 0.003721
10048 0.003692
10049 0.003663
10050 0.003635
10051 0.003607
10052 0.003578
10053 0.003551
10054 0.003523
10055 0.003496
10056 0.003468
10057 0.003415
10058 0.003388
10059 0.003362
10060 0.003336
10061 0.003310
10062 0.003284
10063 0.003258
10064 0.003233
10065 0.003208
10066 0.003183
10067 0.003158
10068 0.003133
10069 0.003109
10070 0.003061
10071 0.003037
10072 0.003013
10073 0.002990
10074 0.002967
10075 0.002944
10076 0.002921
10077 0.002898
10078 0.002875
10079 0.002853
10080 0.002831
10081 0.002809
10082 0.002787
10083 0.002744
10084 0.002722
10085 0.002701
10086 0.002680
10087 0.002659
10088 0.002639
10089 0.002618
10090 0.002598
10091 0.002577
10092 0.002557
10093 0.002538
10094 0.002518
10095 0.002498
10096 0.002479
10097 0.002440
10098 0.002421
10099 0.002402
10100 0.002384
10101 0.002365
10102 0.002347
10103 0.002329
10104 0.002310
10105 0.002292
10106 0.002275
10107 0.002257
10108 0.002239
10109 0.002222
10110 0.002187
10111 0.002170
10112 0.002154
10113 0.002137
10114 0.002120
10115 0.002104
10116 0.002087
10117 0.002071
10118 0.002055
10119 0.002039
10120 0.002023
10121 0.002007
10122 0.001992
10123 0.001961
10124 0.001930
10125 0.001901
10126 0.001871
10127 0.001842
10128 0.001813
10129 0.001785
10130 0.001758
10131 0.001730
10132 0.001704
10133 0.001677
10134 0.001651
10135 0.001626
10136 0.001588
10137 0.001563
10138 0.001539
10139 0.001515
10140 0.001492
10141 0.001469
10142 0.001446
10143 0.001423
10144 0.001401
10145 0.001380
10146 0.001358
10147 0.001337
10148 0.001316
10149 0.001286
10150 0.001266
10151 0.001246
10152 0.001227
10153 0.001208
10154 0.001189
10155 0.001171
10156 0.001153
10157 0.001135
10158 0.001117
10159 0.001100
10160 0.001083
10161 0.001066
10162 0.001041
10163 0.001025
10164 0.001009
10165 0.000994
10166 0.000978
10167 0.000963
10168 0.000948
10169 0.000934
10170 0.000919
10171 0.000905
10172 0.000891
10173 0.000877
10174 0.000863
10175 0.000843
10176 0.000830
10177 0.000817
10178 0.000805
10179 0.000792
10180 0.000780
10181 0.000768
10182 0.000756
10183 0.000744
10184 0.000733
10185 0.000721
10186 0.000710
10187 0.000699
10188 0.000683
10189 0.000672
10190 0.000662
10191 0.000652
10192 0.000642
10193 0.000632
10194 0.000622
10195 0.000612
10196 0.000603
10197 0.000593
10198 0.000584
10199 0.000575
10200 0.000566
10201 0.000553
10202 0.000545
10203 0.000536
10204 0.000524
10205 0.000512
10206 0.000500
10207 0.000488
10208 0.000477
10209 0.000466
10210 0.000455
10211 0.000444
10212 0.000434
10213 0.000424
10214 0.000411
10215 0.000401
10216 0.000392
10217 0.000383
10218 0.000374
10219 0.000366
10220 0.000357
10221 0.000349
10222 0.000341
10223 0.000333
10224 0.000325
10225 0.000318
10226 0.000310
10227 0.000301
10228 0.000294
10229 0.000287
10230 0.000280
10231 0.000274
10232 0.000267
10233 0.000261
10234 0.000255
10235 0.000249
10236 0.000244
10237 0.000238
10238 0.000232
10239 0.000227
10240 0.000222
10241 0.000215
10242 0.000210
10243 0.000205
10244 0.000200
10245 0.000196
10246 0.000191
10247 0.000187
10248 0.000182
10249 0.000178
10250 0.000174
10251 0.000170
10252 0.000166
10253 0.000162
10254 0.000157
10255 0.000154
10256 0.000150
10257 0.000147
10258 0.000143
10259 0.000140
10260 0.000137
10261 0.000133
10262 0.000130
10263 0.000127
10264 0.000124
10265 0.000121
10266 0.000119
10267 0.000115
10268 0.000112
10269 0.000110
10270 0.000107
10271 0.000105
10272 0.000102
10273 0.000100
10274 0.000098
10275 0.000095
10276 0.000093
10277 0.000091
10278 0.000089
10279 0.000087
10280 0.000084
10281 0.000082
10282 0.000080
10283 0.000078
10284 0.000076
10285 0.000074
10286 0.000071
10287 0.000069
10288 0.000067
10289 0.000065
10290 0.000063
10291 0.000061
10292 0.000059
10293 0.000057
10294 0.000055
10295 0.000053
10296 0.000052
10297 0.000050
10298 0.000049
10299 0.000047
10300 0.000046
10301 0.000044
10302 0.000043
10303 0.000042
10304 0.000040
10305 0.000039
10306 0.000038
10307 0.000036
10308 0.000035
10309 0.000034
10310 0.000033
10311 0.000032
10312 0.000031
10313 0.000030
10314 0.000029
10315 0.000028
10316 0.000028
10317 0.000027
10318 0.000026
10319 0.000025
10320 0.000024
10321 0.000023
10322 0.000023
10323 0.000022
10324 0.000021
10325 0.000021
10326 0.000020
10327 0.000019
10328 0.000019
10329 0.000018
10330 0.000018
10331 0.000017
10332 0.000016
10333 0.000016
10334 0.000015
10335 0.000015
10336 0.000015
10337 0.000014
10338 0.000014
10339 0.000013
10340 0.000013
10341 0.000012
10342 0.000012
10343 0.000012
10344 0.000011
10345 0.000011
10346 0.000011
10347 0.000010
10348 0.000010
10349 0.000010
10350 0.000009
10351 0.000009
10352 0.000009
10353 0.000008
10354 0.000008
10355 0.000008
10356 0.000008
10357 0.000007
10358 0.000007
10359 0.000007
10360 0.000007
10361 0.000007
10362 0.000006
10363 0.000006
10364 0.000006
10365 0.000006
10366 0.000006
10367 0.000005
10368 0.000005
10369 0.000005
10370 0.000005
10371 0.000004
10372 0.000004
10373 0.000004
10374 0.000004
10375 0.000004
10376 0.000004
10377 0.000004
10378 0.000003
10379 0.000003
10380 0.000003
10381 0.000003
10382 0.000003
10383 0.000003
10384 0.000003
10385 0.000003
10386 0.000002
10387 0.000002
10388 0.000002
10389 0.000002
10390 0.000002
10391 0.000002
10392 0.000002
10393 0.000002
10394 0.000002
10395 0.000002
10396 0.000002
10397 0.000002
10398 0.000002
10399 0.000001
10400 0.000001
10401 0.000001
10402 0.000001
10403 0.000001
10404 0.000001
10405 0.000001
10406 0.000001
10407 0.000001
10408 0.000001
10409 0.000001
10410 0.000001
10411 0.000001
10412 0.000001
10413 0.000001
10414 0.000001
10415 0.000001
10416 0.000001
10417 0.000001
10418 0.000001
10419 0.000001
10420 0.000001
10421 0.000001
10422 0.000001
10423 0.000001
10424 0.000001
10425 0.000001
10426 0.000001
10427 0.000000
10428 0.000000
10429 0.000000
10430 0.000000
10431 0.000000
10432 0.000000
10433 0.000000
10434 0.000000
10435 0.000000
10436 0.000000
10437 0.000000
10438 0.000000
10439 0.000000
10440 0.000000
10441 0.000000
10442 0.000000
10443 0.000000
10444 0.000000
10445 0.000000
10446 0.000000
10447 0.000000
10448 0.000000
10449 0.000000
10450 0.000000
10451 0.000000
10452 0.000000
10453 0.000000
10454 0.000000
10455 0.000000
10456 0.000000
10457 0.000000
10458 0.000000
10459 0.000000
10460 0.000000
10461 0.000000
10462 0.000000
10463 0.000000
10464 0.000000
10465 0.000000
10466 0.000000
10467 0.000000
10468 0.000000
10469 0.000000
10470 0.000000
10471 0.000000
10472 0.000000
10473 0.000000
10474 0.000000
10475 0.000000
10476 0.000000
10477 0.000000
10478 0.000000
10479 0.000000
10480 0.000000
10481 0.000000
10482 0.000000
10483 0.000000
10484 0.000000
10485 0.000000
10486 0.000000
10487 0.000000
10488 0.000000
10489 0.000000
10490 0.000000
10491 0.000000
10492 0.000000
10493 0.000000
10494 0.000000
10495 0.000000
10496 0.000000
10497 0.000000
10498 0.000000
10499 0.000000
10500 0.000000
10501 0.000000
10502 0.000000
10503 0.000000
10504 0.000000
10505 0.000000
10506 0.000000
10507 0.000000
10508 0.000000
10509 0.000000
10510 0.000000
10511 0.000000
10512 0.000000
10513 0.000000
10514 0.000000
10515 0.000000
10516 0.000000
10517 0.000000
10518 0.000000
10519 0.000000
10520 0.000000
10521 0.000000
10522 0.000000
10523 0.000000
10524 0.000000
10525 0.000000
10526 0.000000
10527 0.000000
10528 0.000000
10529 0.000000
10530 0.000000
10531 0.000000
10532 0.000000
10533 0.000000
10534 0.000000
10535 0.000000
10536 0.000000
10537 0.000000
10538 0.000000
10539 0.000000
10540 0.000000
10541 0.000000
10542 0.000000
10543 0.000000
10544 0.000000
10545 0.000000
10546 0.000000
10547 0.000000
10548 0.000000
10549 0.000000
10550 0.000000
10551 0.000000
10552 0.000000
10553 0.000000
10554 0.000000
10555 0.000000
10556 0.000000
10557 0.000000
10558 0.000000
10559 0.000000
10560 0.000000
10561 0.000000
10562 0.000000
10563 0.000000
10564 0.000000
10565 0.000000
10566 0.000000
10567 0.000000
10568 0.000000
10569 0.000000
10570 0.000000
10571 0.000000
10572 0.000000
10573 0.000000
10574 0.000000
10575 0.000000
10576 0.000000
10577 0.000000
10578 0.000000
10579 0.000000
10580 0.000000
10581 0.000000
10582 0.000000
10583 0.000000
10584 0.000000
10585 0.000000
10586 0.000000
10587 0.000000
10588 0.000000
10589 0.000000
10590 0.000000
10591 0.000000
10592 0.000000
10593 0.000000
10594 0.000000
10595 0.000000
10596 0.000000
10597 0.000000
10598 0.000000
10599 0.000000
10600 0.000000
10601 0.000000
10602 0.000000
10603 0.000000
10604 0.000000
10605 0.000000
10606 0.000000
10607 0.000000
10608 0.000000
10609 0.000000
10610 0.000000
10611 0.000000
10612 0.000000
10613 0.000000
10614 0.000000
10615 0.000000
10616 0.000000
10617 0.000000
10618 0.000000
10619 0.000000
10620 0.000000
10621 0.000000
10622 0.000000
10623 0.000000
10624 0.000000
10625 0.000000
10626 0.000000
10627 0.000000
10628 0.000000
10629 0.000000
10630 0.000000
10631 0.000000
10632 0.000000
10633 0.000000
10634 0.000000
10635 0.000000
10636 0.000000
10637 0.000000
10638 0.000000
10639 0.000000
10640 0.000000
10641 0.000000
10642 0.000000
10643 0.000000
10644 0.000000
10645 0.000000
10646 0.000000
10647 0.000000
10648 0.000000
10649 0.000000
10650 0.000000
10651 0.000000
10652 0.000000
10653 0.000000
10654 0.000000
10655 0.000000
10656 0.000000
10657 0.000000
10658 0.000000
10659 0.000000
10660 0.000000
10661 0.000000
10662 0.000000
10663 0.000000
10664 0.000000
10665 0.000000
10666 0.000000
10667 0.000000
10668 0.000000
10669 0.000000
10670 0.000000
10671 0.000000
10672 0.000000
10673 0.000000
10674 0.000000
10675 0.000000
10676 0.000000
10677 0.000000
10678 0.000000
10679 0.000000
10680 0.000000
10681 0.000000
10682 0.000000
10683 0.000000
10684 0.000000
10685 0.000000
10686 0.000000
10687 0.000000
10688 0.000000
10689 0.000000
10690 0.000000
10691 0.000000
10692 0.000000
10693 0.000000
10694 0.000000
10695 0.000000
10696 0.000000
10697 0.000000
10698 0.000000
10699 0.000000
10700 0.000000
10701 0.000000
10702 0.000000
10703 0.000000
10704 0.000000
10705 0.000000
10706 0.000000
10707 0.000000
10708 0.000000
10709 0.000000
10710 0.000000
10711 0.000000
10712 0.000000
10713 0.000000
10714 0.000000
10715 0.000000
10716 0.000000
10717 0.000000
10718 0.000000
10719 0.000000
10720 0.000000
10721 0.000000
10722 0.000000
10723 0.000000
10724 0.000000
10725 0.000000
10726 0.000000
10727 0.000000
10728 0.000000
10729 0.000000
10730 0.000000
10731 0.000000
10732 0.000000
10733 0.000000
10734 0.000000
10735 0.000000
10736 0.000000
10737 0.000000
10738 0.000000
10739 0.000000
10740 0.000000
10741 0.000000
10742 0.000000
10743 0.000000
10744 0.000000
10745 0.000000
10746 0.000000
10747 0.000000
10748 0.000000
10749 0.000000
10750 0.000000
10751 0.000000
10752 0.000000
10753 0.000000
10754 0.000000
10755 0.000000
10756 0.000000
10757 0.000000
10758 0.000000
10759 0.000000
10760 0.000000
10761 0.000000
10762 0.000000
10763 0.000000
10764 0.000000
10765 0.000000
10766 0.000000
10767 0.000000
10768 0.000000
10769 0.000000
10770 0.000000
10771 0.000000
10772 0.000000
10773 0.000000
10774 0.000000
10775 0.000000
10776 0.000000
10777 0.000000
10778 0.000000
10779 0.000000
10780 0.000000
10781 0.000000
10782 0.000000
10783 0.000000
10784 0.000000
10785 0.000000
10786 0.000000
10787 0.000000
10788 0.000000
10789 0.000000
10790 0.000000
10791 0.000000
10792 0.000000
10793 0.000000
10794 0.000000
10795 0.000000
10796 0.000000
10797 0.000000
10798 0.000000
10799 0.000000
10800 0.000000
10801 0.000000
10802 0.000000
10803 0.000000
10804 0.000000
10805 0.000000
10806 0.000000
10807 0.000000
10808 0.000000
10809 0.000000
10810 0.000000
10811 0.000000
10812 0.000000
10813 0.000000
10814 0.000000
10815 0.000000
10816 0.000000
10817 0.000000
10818 0.000000
10819 0.000000
10820 0.000000
10821 0.000000
10822 0.000000
10823 0.000000
10824 0.000000
10825 0.000000
10826 0.000000
10827 0.000000
10828 0.000000
10829 0.000000
10830 0.000000
10831 0.000000
10832 0.000000
10833 0.000000
10834 0.000000
10835 0.000000
10836 0.000000
10837 0.000000
10838 0.000000
10839 0.000000
10840 0.000000
10841 0.000000
10842 0.000000
10843 0.000000
10844 0.000000
10845 0.000000
10846 0.000000
10847 0.000000
10848 0.000000
10849 0.000000
10850 0.000000
10851 0.000000
10852 0.000000
10853 0.000000
10854 0.000000
10855 0.000000
10856 0.000000
10857 0.000000
10858 0.000000
10859 0.000000
10860 0.000000
10861 0.000000
10862 0.000000
10863 0.000000
10864 0.000000
10865 0.000000
10866 0.000000
10867 0.000000
10868 0.000000
10869 0.000000
10870 0.000000
10871 0.000000
10872 0.000000
10873 0.000000
10874 0.000000
10875 0.000000
10876 0.000000
10877 0.000000
10878 0.000000
10879 0.000000
10880 0.000000
10881 0.000000
10882 0.000000
10883 0.000000
10884 0.000000
10885 0.000000
10886 0.000000
10887 0.000000
10888 0.000000
10889 0.000000
10890 0.000000
10891 0.000000
10892 0.000000
10893 0.000000
10894 0.000000
10895 0.000000
10896 0.000000
10897 0.000000
10898 0.000000
10899 0.000000
10900 0.000000
10901 0.000000
10902 0.000000
10903 0.000000
10904 0.000000
10905 0.000000
10906 0.000000
10907 0.000000
10908 0.000000
10909 0.000000
10910 0.000000
10911 0.000000
10912 0.000000
10913 0.000000
10914 0.000000
10915 0.000000
10916 0.000000
10917 0.000000
10918 0.000000
10919 0.000000
10920 0.000000
10921 0.000000
10922 0.000000
10923 0.000000
10924 0.000000
10925 0.000000
10926 0.000000
10927 0.000000
10928 0.000000
10929 0.000000
10930 0.000000
10931 0.000000
10932 0.000000
10933 0.000000
10934 0.000000
10935 0.000000
10936 0.000000
10937 0.000000
10938 0.000000
10939 0.000000
10940 0.000000
10941 0.000000
10942 0.000000
10943 0.000000
10944 0.000000
10945 0.000000
10946 0.000000
10947 0.000000
10948 0.000000
10949 0.000000
10950 0.000000
10951 0.000000
10952 0.000000
10953 0.000000
10954 0.000000
10955 0.000000
10956 0.000000
10957 0.000000
